login-1.extreme.acer.uic.edu
login-1.extreme.acer.uic.edu
login-1.extreme.acer.uic.edu
login-1.extreme.acer.uic.edu
CRF loss
Parsing training data: ../data/train_petsc.txt
Parsing test data: ../data/test_petsc.txt
Data loading completed
====================  Summary of settings =================
Training data: ../data/train_petsc.txt
Test data: ../data/test_petsc.txt
loss: CRF, lambda: 1.000000e-04, Processors: 8
dim: 129, classes: 26
Train: #word=3438, #letter=25953
Test: #word=3439, #letter=26198
===========================================================
iter func.val gap time feval.num nfuncs train_lett_err train_word_err test_lett_err test_word_err
0 24.5949329 4.55704418 0.215159893 1 92.309174 100.000000 93.091357 100.000000
1 20.2607375 5.09781768 0.913140059 3 71.379031 100.000000 72.099565 100.000000
2 17.4237086 3.66111382 1.21622992 4 66.662814 99.825480 67.013447 99.883687
3 15.2976702 2.67229428 1.52230287 5 53.446615 97.673066 54.020730 97.702821
4 13.1970477 2.13494509 1.90188789 6 45.397449 96.160558 46.094864 95.347485
5 10.8561662 2.52542479 2.24032593 7 39.702539 91.855730 40.827650 92.294272
6 9.27208175 1.17395507 2.57768297 8 33.788001 87.056428 34.959350 87.641756
7 8.68055522 0.877850628 2.91941094 9 31.518514 84.293194 32.601241 85.199186
8 7.80125982 0.853216196 3.26664782 10 28.532347 80.453752 29.622780 81.942425
9 7.17733535 1.54357246 3.58957481 11 27.133665 77.254218 28.370516 78.016865
10 6.65408865 0.732757847 3.94127297 12 24.548222 72.833042 25.842870 74.411166
11 6.39179941 0.543846276 4.26243782 13 23.646592 71.931355 24.864178 73.044490
12 5.90240529 0.616735986 4.60011005 14 22.228644 69.371728 23.688976 72.055830
13 5.41772849 0.844458896 4.93048215 15 21.080415 67.219314 22.637075 70.485606
14 5.04153833 0.723752496 5.24522114 16 20.386853 65.823153 22.267175 69.962198
15 4.79228883 0.389108192 5.56306815 17 19.277155 63.699825 21.153624 67.374237
16 4.56300429 0.364228186 5.90417004 18 18.552768 61.140198 20.367588 65.164292
17 4.36119642 0.387010689 6.22428203 19 17.778292 58.842350 19.812738 63.506833
18 4.14852983 0.710746715 6.54216218 20 17.624167 58.464223 20.190344 63.332364
19 3.89724093 0.29262814 6.88552713 21 16.317959 55.090169 19.123030 61.064263
20 3.77817202 0.242128846 7.21639824 22 16.028975 54.246655 18.768543 60.715324
21 3.65674319 0.377522712 7.55142236 23 15.847879 53.519488 18.595153 60.860715
22 3.54935076 0.449958917 7.92268515 24 15.547336 53.083188 18.348553 60.104682
23 3.46183762 0.24398718 8.27441621 25 15.123492 52.006981 17.970947 59.435883
24 3.34341856 0.251489761 8.59173536 26 14.664971 50.378127 17.550958 58.127363
25 3.25702439 0.253213474 8.91382337 27 14.406812 50.232693 17.300505 57.313172
26 3.17579758 0.476815693 9.23328257 28 13.971410 48.342059 17.443070 56.528060
27 3.07344916 0.181235647 9.54543042 29 13.358764 46.829552 16.899780 55.684792
28 3.01783069 0.188529179 9.87830544 30 13.027396 46.218732 16.591531 54.608898
29 2.93606407 0.242609923 10.2110765 31 12.803915 45.869692 16.402728 54.259959
30 2.91746049 0.52478662 10.5357904 32 12.965746 45.782432 16.491350 53.794708
31 2.82717238 0.1822481 10.8563104 33 12.518784 45.055265 16.071360 52.951439
32 2.79811604 0.123363096 11.1671286 34 12.268331 44.589878 16.005857 53.067752
33 2.75959548 0.171569727 11.4936485 35 12.214388 44.182664 16.002004 52.951439
34 2.70455246 0.22872427 11.8140156 36 12.033291 43.862711 15.867144 52.398953
35 2.65906549 0.206380375 12.1357396 37 11.948522 43.862711 16.094478 53.125909
36 2.62468509 0.103042986 12.4544506 38 11.705776 42.902850 15.978885 52.922361
37 2.59355633 0.136514162 12.7757785 39 11.351289 41.826643 15.782376 52.311719
38 2.56085567 0.137535692 13.1064265 40 11.474589 41.681210 15.790082 51.933702
39 2.53288523 0.298113097 13.4195395 41 11.470736 41.273997 15.840173 51.323059
40 2.50353907 0.144204978 13.7840936 42 11.185605 40.779523 15.693754 50.799651
41 2.48967906 0.0963050836 14.1141245 43 11.127808 40.517743 15.477979 50.508869
42 2.47115347 0.0946868934 14.4518144 44 11.004508 40.226876 15.408623 50.625182
43 2.44295112 0.151010072 14.7915244 45 10.912033 40.314136 15.474126 50.596104
44 2.42005533 0.16250699 15.1216834 46 10.765615 40.546830 15.312295 50.683338
45 2.40171317 0.0794450304 15.4520652 47 10.592224 39.994183 15.231380 50.683338
46 2.38608189 0.0761223135 15.7887044 48 10.476631 39.732403 15.185142 50.625182
47 2.37300406 0.0855119169 16.1101213 49 10.461218 39.616056 15.177436 50.567025
48 2.36323977 0.19325859 16.4515853 50 10.495896 38.947062 15.154317 50.421634
49 2.34425332 0.077561175 16.7706323 51 10.310947 38.801629 15.088814 50.392556
50 2.33657744 0.0628479338 17.1435392 52 10.210766 38.772542 15.069549 50.218087
51 2.32661833 0.0824947529 17.5013454 53 10.114438 38.743455 15.042577 50.247165
52 2.31381945 0.164201878 17.8182416 54 10.187647 38.888889 15.011752 50.450712
53 2.30153307 0.0725086858 18.1542966 55 10.002697 38.510762 14.915424 50.218087
54 2.29403671 0.0556100469 18.4918497 56 9.968019 38.219895 14.900012 49.985461
55 2.28722829 0.0634085554 18.8119056 57 9.902516 37.929029 14.907718 50.130852
56 2.278963 0.122489322 19.1764057 58 9.871691 37.929029 14.880746 50.043617
57 2.26997461 0.05505422 19.4954576 59 9.802335 37.289122 14.857627 50.072696
58 2.26416032 0.0500891871 19.8156595 60 9.790776 37.347295 14.838362 49.927304
59 2.2542555 0.0684087283 20.1698735 61 9.817747 37.521815 14.792124 49.752835
60 2.24914969 0.0813593434 20.8181107 63 9.679035 37.201862 14.780565 49.578366
61 2.24295269 0.0544528645 21.1382599 64 9.671329 37.056428 14.703502 49.491131
62 2.23593886 0.0466362875 21.4851458 65 9.594267 36.794648 14.618734 49.113114
63 2.23252142 0.0785661724 21.8351407 66 9.609679 37.056428 14.657265 49.200349
64 2.22879762 0.04298508 22.1588206 67 9.524910 36.852821 14.618734 48.967723
65 2.22390859 0.0512985251 22.4773588 68 9.532617 36.794648 14.518553 48.647863
66 2.21838227 0.0635773122 22.7972658 69 9.555735 36.998255 14.526259 48.706019
67 2.21408409 0.0945676284 23.4373078 71 9.509498 36.852821 14.510847 48.589706
68 2.20805788 0.0463920927 23.7619019 72 9.555735 36.998255 14.495434 48.764176
69 2.20501641 0.0304342804 24.1009288 73 9.440142 36.823735 14.533965 48.793254
70 2.20170642 0.040036213 24.4702427 74 9.478673 36.940081 14.510847 48.880489
71 2.19839606 0.0537906231 24.7872148 75 9.324548 36.503781 14.503140 48.706019
72 2.19453534 0.0519399807 25.1149917 76 9.282164 36.329261 14.483875 48.647863
73 2.1910458 0.0536508883 25.4702246 77 9.220514 36.329261 14.518553 48.676941
74 2.18862141 0.0372577798 25.7882838 78 9.185836 36.212914 14.537818 48.647863
75 2.18580585 0.0304284855 26.115082 79 9.178130 36.242001 14.553231 48.647863
76 2.18282306 0.0438655367 26.445426 80 9.039417 35.834788 14.522406 48.676941
77 2.17958212 0.0400593509 26.775449 81 8.977768 35.573008 14.587909 48.822332
78 2.17743722 0.031374588 27.107887 82 8.931530 35.485748 14.541671 48.764176
79 2.17506917 0.0312830102 27.4486871 83 8.981621 35.514834 14.506993 48.676941
80 2.17329259 0.0318812779 27.7740841 84 8.950796 35.456661 14.587909 48.880489
81 2.17110599 0.0309953783 28.1051621 85 8.989327 35.514834 14.564790 48.793254
82 2.16894708 0.0338006779 28.4566631 86 8.943089 35.427574 14.526259 48.822332
83 2.16712829 0.0278436827 28.7883501 87 8.908411 35.427574 14.549378 48.822332
84 2.16537919 0.0248904223 29.1092851 88 8.854468 35.136707 14.591762 48.967723
85 2.16369813 0.0328537612 29.436506 89 8.869880 35.165794 14.514700 48.938645
86 2.16216224 0.0274699734 29.8213899 90 8.839055 34.991274 14.449197 48.706019
87 2.16089335 0.0211727137 30.1605089 91 8.800524 34.758581 14.441490 48.589706
88 2.15969502 0.0279836808 30.5020597 92 8.823643 34.787667 14.526259 48.793254
89 2.15859763 0.0270626119 30.8481987 93 8.815937 34.845841 14.460756 48.531550
90 2.15757932 0.0187854926 31.2427628 94 8.769699 34.700407 14.503140 48.735097
91 2.15631152 0.0202282496 31.5867479 95 8.754287 34.671321 14.487728 48.822332
92 2.15563339 0.043390249 31.900162 96 8.754287 34.467714 14.514700 48.822332
93 2.15467061 0.0201471506 32.233798 97 8.727315 34.467714 14.503140 48.735097
94 2.15372585 0.0170706147 32.5761259 98 8.758140 34.584061 14.437637 48.880489
95 2.15289937 0.0206135429 32.8959708 99 8.700343 34.438627 14.399106 48.851410
96 2.15149553 0.0355688208 33.2213109 100 8.765846 34.642234 14.333603 48.473393
97 2.15027181 0.0267038332 33.5390549 101 8.742727 34.729494 14.387547 48.647863
98 2.14941637 0.0143932742 33.8632998 102 8.708049 34.525887 14.368281 48.531550
99 2.14824427 0.0175528283 34.1970758 103 8.700343 34.467714 14.375987 48.444315
100 2.14756181 0.0285589986 34.523865 104 8.719609 34.729494 14.399106 48.706019
101 2.14667756 0.0186122651 34.860626 105 8.700343 34.613147 14.360575 48.502472
102 2.14592211 0.0214900547 35.2045059 106 8.692637 34.671321 14.395253 48.502472
103 2.14533909 0.0151784412 35.552979 107 8.719609 34.700407 14.322044 48.444315
104 2.14489823 0.0145719453 35.8679979 108 8.692637 34.642234 14.345162 48.415237
105 2.14387392 0.0234405026 36.1862359 109 8.673371 34.584061 14.352869 48.444315
106 2.14338431 0.0174680489 36.8280258 111 8.684930 34.642234 14.368281 48.560628
107 2.14299695 0.0125195121 37.1742957 112 8.669518 34.613147 14.375987 48.560628
108 2.14229165 0.0166432789 37.5056505 113 8.688784 34.758581 14.337456 48.386159
109 2.14215234 0.0398043986 37.8386316 114 8.673371 34.758581 14.314337 48.386159
110 2.14165682 0.015098223 38.1706548 115 8.661812 34.613147 14.306631 48.328002
111 2.14131138 0.0103786847 38.4922569 116 8.711902 34.758581 14.310484 48.415237
112 2.14090193 0.0154016575 38.8844659 117 8.692637 34.758581 14.302778 48.415237
113 2.14021905 0.0183920515 39.2077749 118 8.711902 34.758581 14.260394 48.211689
114 2.13983972 0.0296042829 39.9066689 120 8.681077 34.525887 14.298925 48.269846
115 2.13912353 0.0154657748 40.2312388 121 8.711902 34.700407 14.337456 48.182611
116 2.13866878 0.00931792409 40.5613627 122 8.750433 34.874927 14.302778 48.124455
117 2.13818965 0.012445638 40.8817668 123 8.735021 34.758581 14.341309 48.211689
118 2.13790397 0.0325824923 41.1987259 124 8.761993 34.816754 14.306631 48.182611
119 2.13752022 0.0163859252 41.5208089 125 8.750433 34.671321 14.318191 48.240768
120 2.13702448 0.0115619535 41.8468618 126 8.727315 34.554974 14.352869 48.357081
121 2.1367671 0.0126984144 42.1645219 127 8.704196 34.554974 14.375987 48.357081
122 2.13645056 0.0320408883 42.4909661 128 8.761993 34.700407 14.418372 48.473393
123 2.13595852 0.0110505891 42.831109 129 8.777405 34.613147 14.391400 48.386159
124 2.13577181 0.00838298989 43.1687911 130 8.785112 34.700407 14.391400 48.386159
125 2.13550761 0.0102170869 43.4873302 131 8.773552 34.671321 14.372134 48.357081
126 2.13506736 0.012705943 43.8603201 132 8.800524 34.700407 14.337456 48.095377
127 2.13480387 0.0180716301 44.5841541 134 8.765846 34.642234 14.368281 48.269846
128 2.13453218 0.00856805191 44.9022303 135 8.750433 34.642234 14.364428 48.298924
129 2.1343159 0.0085046963 45.2218392 136 8.742727 34.671321 14.395253 48.386159
130 2.13406765 0.0121199776 45.5427811 137 8.735021 34.671321 14.387547 48.328002
131 2.13373182 0.0171343207 45.87445 138 8.738874 34.845841 14.337456 48.298924
132 2.13339621 0.00928138326 46.2048481 139 8.765846 34.845841 14.375987 48.298924
133 2.13309047 0.00859018404 46.6168282 140 8.746580 34.729494 14.372134 48.328002
134 2.13289293 0.0110276037 46.9455392 141 8.727315 34.642234 14.349016 48.269846
135 2.132671 0.00945647602 47.2868822 142 8.696490 34.584061 14.349016 48.269846
136 2.13243414 0.021307512 47.6112111 143 8.688784 34.496800 14.325897 48.386159
137 2.1321636 0.00968853735 47.9319551 144 8.669518 34.584061 14.325897 48.502472
138 2.13205869 0.00678492257 48.249388 145 8.669518 34.584061 14.306631 48.357081
139 2.13187799 0.00563990357 48.5674222 146 8.688784 34.729494 14.333603 48.357081
140 2.13168799 0.0163409535 48.8965223 147 8.646399 34.758581 14.318191 48.328002
141 2.13148028 0.00850122772 49.2280984 148 8.650252 34.700407 14.314337 48.298924
142 2.13132786 0.00615752168 49.5644994 149 8.677224 34.671321 14.275806 48.357081
143 2.13119708 0.00787108003 49.9138393 150 8.657959 34.525887 14.241128 48.240768
144 2.13103662 0.00762213126 50.2696123 151 8.654105 34.467714 14.244981 48.386159
145 2.13085679 0.0112272669 50.6143384 152 8.673371 34.496800 14.283513 48.444315
146 2.13068115 0.00757213861 50.9312735 153 8.681077 34.554974 14.287366 48.444315
147 2.13055252 0.00674623584 51.2443244 154 8.684930 34.554974 14.248834 48.298924
148 2.13043192 0.0112739467 51.5617826 155 8.681077 34.671321 14.295072 48.473393
149 2.13029163 0.00594144145 51.9163675 156 8.708049 34.613147 14.291219 48.386159
150 2.13018256 0.00606987509 52.2661726 157 8.727315 34.729494 14.298925 48.444315
151 2.13007713 0.00846768409 52.6141565 158 8.735021 34.671321 14.287366 48.357081
152 2.12997062 0.00663577049 52.9591556 159 8.738874 34.845841 14.287366 48.357081
153 2.12988149 0.00505004474 53.3086855 160 8.735021 34.758581 14.275806 48.444315
154 2.12975854 0.00762201289 53.6358976 161 8.700343 34.671321 14.260394 48.211689
155 2.12969225 0.008982926 53.9527357 162 8.696490 34.642234 14.252688 48.211689
156 2.12962576 0.00580732445 54.2730176 163 8.681077 34.584061 14.252688 48.124455
157 2.12950918 0.00430365805 54.6042957 164 8.704196 34.642234 14.279659 48.153533
158 2.12944851 0.00672114302 54.9214008 165 8.688784 34.671321 14.279659 48.182611
159 2.1293689 0.00497990938 55.281004 166 8.696490 34.642234 14.283513 48.095377
160 2.12931018 0.00819718351 55.612442 167 8.684930 34.584061 14.310484 48.240768
161 2.1292441 0.00463378939 55.9327731 168 8.677224 34.584061 14.271953 48.095377
162 2.129177 0.00441831735 56.2480133 169 8.657959 34.554974 14.241128 48.124455
163 2.12910609 0.0056823454 56.5765572 170 8.657959 34.584061 14.244981 48.124455
164 2.12907612 0.0121557702 56.9070911 171 8.681077 34.613147 14.252688 48.182611
165 2.12899056 0.00410012477 57.2496653 172 8.684930 34.642234 14.279659 48.211689
166 2.12895113 0.00308618146 57.5674422 173 8.677224 34.642234 14.279659 48.240768
167 2.12891245 0.0037693446 57.897284 174 8.684930 34.642234 14.283513 48.269846
168 2.12886058 0.00682098069 58.2652671 175 8.684930 34.671321 14.260394 48.095377
169 2.12880013 0.00381978605 58.6109991 176 8.661812 34.584061 14.241128 48.124455
170 2.12876114 0.00272709152 59.0096891 177 8.646399 34.525887 14.256541 48.095377
171 2.12871335 0.00498213249 59.3516099 178 8.661812 34.525887 14.244981 48.153533
172 2.12868218 0.00586834859 59.7017119 179 8.669518 34.496800 14.252688 48.211689
173 2.1286488 0.00343526039 60.1422589 180 8.669518 34.525887 14.244981 48.153533
174 2.12859641 0.00290284081 60.4721429 181 8.688784 34.642234 14.264247 48.124455
175 2.1285658 0.0051143452 60.790446 182 8.677224 34.613147 14.252688 48.037220
176 2.12851826 0.00310515661 61.1272669 183 8.665665 34.525887 14.256541 48.037220
177 2.12849019 0.00649586947 61.45997 184 8.646399 34.525887 14.248834 48.095377
178 2.12845815 0.00293306941 61.787288 185 8.646399 34.496800 14.248834 48.066298
179 2.12843288 0.00253832595 62.1233499 186 8.650252 34.467714 14.268100 48.095377
180 2.12840485 0.00332191346 62.447691 187 8.654105 34.438627 14.256541 48.066298
181 2.12837651 0.00716618091 62.831898 188 8.654105 34.409540 14.248834 48.095377
182 2.12833825 0.00296105741 63.1514881 189 8.646399 34.380454 14.237275 48.095377
183 2.12831959 0.00209338269 63.4725552 190 8.646399 34.409540 14.244981 48.095377
184 2.12829624 0.00251605856 63.8132763 191 8.638693 34.467714 14.244981 48.124455
185 2.12828873 0.00915842004 64.1742172 192 8.646399 34.467714 14.260394 48.211689
186 2.1282565 0.00349465235 64.5091724 193 8.650252 34.496800 14.252688 48.153533
187 2.12823863 0.0017612419 64.9274335 194 8.646399 34.496800 14.252688 48.153533
188 2.12822422 0.0023555499 65.2651026 195 8.654105 34.496800 14.237275 48.095377
189 2.1282012 0.00354150947 65.6919966 196 8.650252 34.496800 14.241128 48.124455
190 2.12818618 0.00623243194 66.0370796 197 8.634840 34.496800 14.244981 48.066298
191 2.12816155 0.00195719316 66.3765626 198 8.646399 34.554974 14.252688 48.182611
192 2.12815238 0.00193783241 66.6944747 199 8.650252 34.554974 14.252688 48.153533
193 2.12813735 0.00249844082 67.0203297 200 8.657959 34.525887 14.229569 48.124455
194 2.12812493 0.00434802551 67.7639167 202 8.654105 34.496800 14.233422 48.095377
195 2.12810801 0.00258959569 68.1532447 203 8.657959 34.496800 14.214156 48.037220
196 2.1280919 0.00158599552 68.4768007 204 8.657959 34.525887 14.229569 48.066298
197 2.1280813 0.00226467378 68.8165946 205 8.657959 34.496800 14.229569 48.066298
198 2.12807043 0.00204723708 69.1495645 206 8.665665 34.525887 14.241128 48.124455
199 2.12806102 0.0018038952 69.4802814 207 8.661812 34.496800 14.260394 48.153533
200 2.12805075 0.00237706901 69.8402743 208 8.657959 34.496800 14.260394 48.182611
201 2.12804209 0.00169816638 70.1696203 209 8.657959 34.496800 14.256541 48.153533
202 2.12803059 0.00165972883 70.5108821 210 8.677224 34.525887 14.260394 48.124455
203 2.12802237 0.00373773572 70.8646572 211 8.665665 34.554974 14.252688 48.066298
204 2.12801303 0.00149280702 71.267107 212 8.677224 34.554974 14.252688 48.066298
205 2.12800685 0.00128793257 71.6017232 213 8.673371 34.525887 14.256541 48.124455
206 2.1280011 0.00148581559 72.0236642 214 8.657959 34.525887 14.271953 48.124455
207 2.12799788 0.00347352692 72.3903053 215 8.634840 34.409540 14.260394 48.095377
208 2.12798898 0.00127705139 72.7115593 216 8.650252 34.467714 14.275806 48.153533
209 2.1279845 0.0010092738 73.0520804 217 8.638693 34.438627 14.264247 48.095377
210 2.12797867 0.00131429275 73.3735874 218 8.634840 34.409540 14.268100 48.066298
211 2.12797133 0.00263457031 73.7386713 219 8.638693 34.438627 14.252688 48.037220
212 2.1279644 0.00178130098 74.0654194 220 8.638693 34.467714 14.248834 48.008142
213 2.1279605 0.000915577383 74.4447663 221 8.642546 34.496800 14.248834 48.008142
214 2.12795631 0.00107974941 74.7873142 222 8.650252 34.496800 14.252688 48.037220
215 2.12795262 0.00157756183 75.1353731 223 8.646399 34.496800 14.244981 48.037220
216 2.12794723 0.0013747449 75.4623163 224 8.657959 34.496800 14.244981 48.066298
217 2.1279422 0.00132299815 75.7810931 225 8.657959 34.467714 14.233422 48.037220
218 2.12793785 0.0014155745 76.1013112 226 8.642546 34.467714 14.237275 48.037220
219 2.12793443 0.00102767617 76.4319503 227 8.654105 34.496800 14.241128 48.066298
220 2.12793083 0.000945093953 76.7647235 228 8.657959 34.496800 14.248834 48.066298
221 2.12792764 0.0013598987 77.1038806 229 8.650252 34.496800 14.241128 48.037220
222 2.127924 0.00122174023 77.4385808 230 8.657959 34.496800 14.244981 48.066298
223 2.12792119 0.00109001798 77.7684138 231 8.646399 34.467714 14.233422 48.037220
224 2.12791869 0.000796828823 78.1477237 232 8.642546 34.438627 14.244981 48.066298
225 2.12791667 0.000775241392 78.4883547 233 8.654105 34.467714 14.244981 48.066298
226 2.12791298 0.00115889208 78.8107846 234 8.654105 34.467714 14.244981 48.066298
227 2.12791008 0.00150676362 79.1548316 235 8.665665 34.496800 14.244981 48.037220
228 2.12790744 0.000896680591 79.4899266 236 8.669518 34.496800 14.244981 48.066298
229 2.12790482 0.000831409951 79.8215826 237 8.657959 34.496800 14.229569 48.066298
230 2.12790344 0.00160315459 80.1903067 238 8.654105 34.467714 14.244981 48.066298
231 2.12790167 0.000895153033 80.5133069 239 8.661812 34.496800 14.229569 48.066298
232 2.12789921 0.000690495254 80.8683128 240 8.661812 34.496800 14.233422 48.095377
233 2.12789759 0.000844303024 81.2060249 241 8.665665 34.496800 14.233422 48.095377
234 2.12789662 0.00224560512 81.6077399 242 8.657959 34.467714 14.241128 48.095377
235 2.12789333 0.000643060488 81.9543519 243 8.661812 34.467714 14.233422 48.066298
236 2.12789252 0.000516114603 82.2706349 244 8.665665 34.496800 14.233422 48.066298
237 2.12789097 0.000590534286 82.6130791 245 8.661812 34.467714 14.237275 48.066298
238 2.12789 0.00201575621 82.9371581 246 8.654105 34.438627 14.241128 48.095377
239 2.12788792 0.000830615512 83.252619 247 8.650252 34.438627 14.241128 48.095377
240 2.12788669 0.000521476425 83.6691661 248 8.650252 34.438627 14.241128 48.066298
241 2.12788559 0.000633499967 84.0931411 249 8.654105 34.438627 14.241128 48.066298
242 2.12788385 0.000678154769 84.4087222 250 8.654105 34.438627 14.233422 48.037220
243 2.12788317 0.00097912987 85.0638423 252 8.654105 34.438627 14.233422 48.037220
244 2.12788221 0.000528612912 85.3821843 253 8.657959 34.438627 14.229569 48.037220
245 2.12788125 0.000455660557 85.7058423 254 8.657959 34.438627 14.221863 48.037220
246 2.12787987 0.000799467968 86.0395863 255 8.657959 34.438627 14.233422 48.066298
247 2.12787934 0.001334117 86.3839092 256 8.665665 34.438627 14.237275 48.066298
248 2.12787823 0.000497146258 86.7036264 257 8.657959 34.438627 14.237275 48.066298
249 2.1278777 0.000381254591 87.0289204 258 8.661812 34.467714 14.237275 48.066298
250 2.12787709 0.000462582416 87.3492036 259 8.661812 34.467714 14.237275 48.066298
251 2.12787604 0.000862948627 87.6741006 260 8.661812 34.467714 14.233422 48.037220
252 2.12787518 0.000750432246 87.9995277 261 8.665665 34.467714 14.221863 48.037220
253 2.12787459 0.000372172101 88.3294036 262 8.669518 34.467714 14.229569 48.037220
254 2.12787403 0.000398522693 88.6914277 263 8.669518 34.467714 14.225716 48.037220
255 2.12787358 0.000504620707 89.0194418 264 8.665665 34.467714 14.233422 48.066298
256 2.1278729 0.000499971096 89.3279369 265 8.661812 34.467714 14.229569 48.037220
257 2.12787227 0.000447223537 89.6741841 266 8.661812 34.467714 14.233422 48.037220
258 2.12787173 0.00067702286 90.00353 267 8.657959 34.467714 14.244981 48.066298
259 2.12787123 0.000403057875 90.3247509 268 8.657959 34.467714 14.241128 48.037220
260 2.12787079 0.000396805394 90.651535 269 8.654105 34.438627 14.233422 48.037220
261 2.12787021 0.000574973484 90.9805191 270 8.654105 34.438627 14.237275 48.037220
262 2.12787002 0.00119160997 91.391974 271 8.654105 34.438627 14.233422 48.008142
263 2.12786931 0.0004214933 91.716356 272 8.657959 34.467714 14.233422 48.008142
264 2.12786894 0.000280912427 92.0386932 273 8.657959 34.467714 14.237275 48.037220
265 2.12786863 0.000373493685 92.3630483 274 8.657959 34.467714 14.237275 48.037220
266 2.12786817 0.000468059951 92.7180223 275 8.657959 34.467714 14.237275 48.037220
267 2.12786766 0.000696727378 93.0563302 276 8.650252 34.438627 14.237275 48.037220
268 2.12786716 0.000299176185 93.3774154 277 8.657959 34.467714 14.237275 48.037220
269 2.12786676 0.000438530579 93.8462744 278 8.657959 34.467714 14.237275 48.037220
270 2.12786635 0.00043031811 94.1717215 279 8.657959 34.467714 14.233422 48.008142
271 2.1278662 0.00104908454 94.4944484 280 8.665665 34.467714 14.233422 48.008142
272 2.12786566 0.000285930168 94.8161983 281 8.665665 34.467714 14.233422 48.008142
273 2.12786546 0.000237487439 95.1933463 282 8.665665 34.467714 14.233422 48.008142
274 2.12786522 0.000299306516 95.5412652 283 8.665665 34.467714 14.237275 48.037220
275 2.12786486 0.000637748487 95.8560941 284 8.661812 34.438627 14.241128 48.037220
276 2.12786441 0.000322200197 96.1817181 285 8.657959 34.438627 14.233422 48.008142
277 2.1278641 0.000231465574 96.509901 286 8.657959 34.438627 14.233422 48.008142
278 2.12786376 0.000269102121 96.8358519 287 8.657959 34.438627 14.237275 48.066298
279 2.12786362 0.000379043598 97.5065091 289 8.657959 34.438627 14.237275 48.066298
280 2.12786345 0.000280549512 97.9098601 290 8.657959 34.438627 14.237275 48.066298
281 2.12786309 0.000241202978 98.2382932 291 8.657959 34.438627 14.241128 48.066298
282 2.12786285 0.00048575128 98.5746012 292 8.661812 34.467714 14.237275 48.037220
283 2.12786257 0.000310476139 98.916352 293 8.661812 34.467714 14.233422 48.037220
284 2.12786228 0.000249635534 99.2779989 294 8.661812 34.467714 14.233422 48.037220
285 2.12786202 0.000399076765 99.615272 295 8.661812 34.467714 14.233422 48.037220
286 2.1278618 0.000369617153 99.945662 296 8.657959 34.467714 14.229569 48.008142
287 2.12786164 0.000218589914 100.276262 297 8.661812 34.467714 14.229569 48.008142
288 2.12786143 0.000208689043 100.685916 298 8.661812 34.467714 14.233422 48.037220
289 2.12786125 0.000348693762 101.021384 299 8.665665 34.467714 14.233422 48.008142
290 2.12786099 0.000268946619 101.378825 300 8.665665 34.467714 14.229569 48.008142
291 2.12786084 0.000683098557 101.700507 301 8.661812 34.467714 14.229569 48.008142
292 2.12786056 0.000193937188 102.024023 302 8.661812 34.467714 14.225716 47.979064
293 2.12786046 0.00018201902 102.370168 303 8.661812 34.467714 14.225716 47.979064
294 2.12786029 0.000220884053 102.719514 304 8.665665 34.467714 14.229569 48.008142
295 2.12786021 0.00065530875 103.080818 305 8.665665 34.467714 14.225716 47.979064
296 2.12785998 0.000264678604 103.460546 306 8.665665 34.467714 14.229569 48.008142
297 2.12785984 0.000168082417 103.784836 307 8.665665 34.467714 14.229569 48.008142
298 2.12785971 0.000196247122 104.185264 308 8.661812 34.467714 14.233422 48.037220
299 2.12785951 0.00034663624 104.516945 309 8.657959 34.467714 14.229569 48.008142
300 2.12785932 0.000256293939 104.878331 310 8.657959 34.467714 14.225716 47.979064
301 2.12785918 0.000161874149 105.19452 311 8.657959 34.467714 14.225716 47.979064
302 2.12785902 0.000230037017 105.50241 312 8.657959 34.467714 14.225716 47.979064
303 2.1278589 0.000383401866 105.846196 313 8.657959 34.467714 14.229569 48.008142
304 2.12785875 0.000192424458 106.19922 314 8.657959 34.467714 14.229569 48.008142
305 2.12785858 0.000203895214 106.528865 315 8.657959 34.467714 14.229569 48.008142
306 2.12785843 0.000239321257 106.882235 316 8.657959 34.467714 14.229569 48.008142
307 2.12785832 0.000375727317 107.218621 317 8.657959 34.467714 14.229569 48.037220
308 2.12785817 0.000174917941 107.541932 318 8.657959 34.467714 14.221863 48.008142
309 2.12785804 0.000180702351 107.903399 319 8.657959 34.467714 14.221863 48.008142
310 2.12785794 0.00021848953 108.271776 320 8.654105 34.467714 14.214156 47.979064
311 2.12785784 0.000497467435 108.668736 321 8.657959 34.467714 14.225716 48.037220
312 2.12785769 0.000171840262 109.014871 322 8.654105 34.467714 14.218009 48.008142
313 2.12785759 0.000184979021 109.352016 323 8.654105 34.467714 14.218009 48.008142
314 2.12785749 0.000223415919 109.682612 324 8.657959 34.467714 14.218009 48.008142
315 2.12785742 0.000595419362 110.012292 325 8.657959 34.467714 14.221863 48.037220
316 2.12785723 0.000204361155 110.340378 326 8.657959 34.467714 14.221863 48.037220
317 2.12785714 0.000144457294 110.718597 327 8.657959 34.467714 14.221863 48.037220
318 2.12785705 0.000189188083 111.058976 328 8.657959 34.467714 14.218009 48.008142
319 2.12785689 0.000277824464 111.410078 329 8.657959 34.467714 14.218009 48.008142
320 2.1278568 0.000446319685 111.731044 330 8.657959 34.467714 14.218009 48.008142
321 2.12785664 0.000156581851 112.125568 331 8.657959 34.467714 14.218009 48.008142
322 2.12785657 0.000169737057 112.59214 332 8.657959 34.467714 14.218009 48.008142
323 2.12785647 0.000196974403 112.972978 333 8.657959 34.467714 14.221863 48.037220
324 2.12785642 0.000510271692 113.305869 334 8.657959 34.467714 14.218009 48.008142
325 2.12785628 0.000189764429 113.716252 335 8.657959 34.467714 14.221863 48.037220
326 2.12785621 0.000137898964 114.026633 336 8.657959 34.467714 14.218009 48.008142
327 2.12785614 0.000182105366 114.353251 337 8.657959 34.467714 14.214156 47.979064
328 2.12785603 0.000206439084 114.686582 338 8.657959 34.467714 14.214156 47.979064
329 2.12785595 0.000355163427 115.331103 340 8.657959 34.467714 14.214156 47.979064
330 2.12785583 0.000176521587 115.641305 341 8.661812 34.467714 14.214156 47.979064
331 2.12785573 0.000144681904 116.008191 342 8.661812 34.467714 14.218009 48.008142
332 2.12785563 0.000274112258 116.356593 343 8.661812 34.467714 14.221863 48.037220
333 2.12785554 0.000171359 116.697543 344 8.661812 34.467714 14.221863 48.037220
334 2.12785546 0.000165477246 117.029244 345 8.661812 34.467714 14.225716 48.037220
335 2.12785531 0.000285342866 117.355348 346 8.661812 34.467714 14.225716 48.037220
336 2.12785521 0.000278685875 117.689806 347 8.661812 34.467714 14.218009 48.008142
337 2.12785513 0.000161409738 118.017803 348 8.661812 34.467714 14.221863 48.008142
338 2.12785504 0.000142969706 118.355044 349 8.661812 34.467714 14.221863 48.008142
339 2.12785496 0.000179170155 118.704709 350 8.661812 34.467714 14.221863 48.008142
340 2.12785485 0.000232787484 119.037159 351 8.661812 34.467714 14.221863 48.008142
341 2.12785476 0.00014850309 119.363971 352 8.661812 34.467714 14.221863 48.008142
342 2.12785469 0.000179989787 119.708204 353 8.661812 34.467714 14.225716 48.008142
343 2.12785459 0.000213723999 120.023893 354 8.661812 34.467714 14.225716 48.008142
344 2.12785453 0.00040321796 120.340007 355 8.661812 34.467714 14.225716 48.008142
345 2.12785441 0.000165923869 120.67199 356 8.665665 34.467714 14.225716 48.008142
346 2.12785433 0.000141571296 121.004326 357 8.665665 34.467714 14.225716 48.008142
347 2.12785425 0.000171255155 121.329296 358 8.665665 34.467714 14.225716 48.008142
348 2.12785418 0.000427117075 121.676153 359 8.665665 34.467714 14.225716 48.008142
349 2.12785407 0.000151460024 122.005475 360 8.665665 34.467714 14.225716 48.008142
350 2.127854 0.000147161127 122.346293 361 8.665665 34.467714 14.225716 48.008142
351 2.12785393 0.000180047287 122.676623 362 8.665665 34.467714 14.229569 48.008142
352 2.12785386 0.000438997453 123.00646 363 8.665665 34.467714 14.229569 48.008142
353 2.12785373 0.000169668007 123.355025 364 8.665665 34.467714 14.229569 48.008142
354 2.12785367 0.000129251385 123.664933 365 8.665665 34.467714 14.229569 48.008142
355 2.1278536 0.000156149408 124.001627 366 8.665665 34.467714 14.229569 48.008142
356 2.12785349 0.000262518018 124.316369 367 8.661812 34.438627 14.229569 48.008142
357 2.12785339 0.000228456116 124.687559 368 8.661812 34.438627 14.225716 48.008142
358 2.12785331 0.000139049381 125.037215 369 8.661812 34.438627 14.229569 48.008142
359 2.12785322 0.000177127079 125.366606 370 8.661812 34.438627 14.229569 48.008142
360 2.12785313 0.000229181847 125.771643 371 8.661812 34.438627 14.225716 48.008142
361 2.12785302 0.000264319457 126.112321 372 8.657959 34.438627 14.225716 48.008142
362 2.12785292 0.000164362856 126.455321 373 8.657959 34.438627 14.221863 48.008142
363 2.12785282 0.000155784636 126.799531 374 8.657959 34.438627 14.221863 48.008142
364 2.12785274 0.000228888859 127.118351 375 8.657959 34.438627 14.221863 48.008142
365 2.12785263 0.000158817583 127.465813 376 8.654105 34.438627 14.221863 48.008142
366 2.12785255 0.000237466134 127.872179 377 8.654105 34.438627 14.221863 48.008142
367 2.12785246 0.000157310866 128.200091 378 8.654105 34.438627 14.221863 48.008142
368 2.12785236 0.000152651614 128.52136 379 8.654105 34.438627 14.221863 48.008142
369 2.12785227 0.00022709443 128.856666 380 8.654105 34.438627 14.221863 48.008142
370 2.12785218 0.000259213578 129.196123 381 8.657959 34.438627 14.221863 48.008142
371 2.1278521 0.000135350817 129.520932 382 8.657959 34.438627 14.221863 48.008142
372 2.12785203 0.000131904891 129.867191 383 8.657959 34.438627 14.221863 48.008142
373 2.12785196 0.000188952382 130.187434 384 8.657959 34.438627 14.221863 48.008142
374 2.12785185 0.000206643838 130.516203 385 8.661812 34.438627 14.221863 48.008142
375 2.12785176 0.000229706175 130.845446 386 8.661812 34.438627 14.218009 48.008142
376 2.12785167 0.000166795263 131.168727 387 8.657959 34.438627 14.218009 48.008142
377 2.12785157 0.000160565906 131.490154 388 8.657959 34.438627 14.221863 48.008142
378 2.12785152 0.000391603247 131.819077 389 8.661812 34.438627 14.218009 48.008142
379 2.12785143 0.000160945583 132.14472 390 8.657959 34.438627 14.221863 48.008142
380 2.12785137 0.000117287836 132.46454 391 8.657959 34.438627 14.225716 48.008142
381 2.12785132 0.000138489623 132.786987 392 8.657959 34.438627 14.225716 48.008142
382 2.12785125 0.000234812388 133.117062 393 8.657959 34.438627 14.225716 48.008142
383 2.12785116 0.000159276434 133.457835 394 8.657959 34.438627 14.225716 48.008142
384 2.12785109 0.000121911091 133.787324 395 8.657959 34.438627 14.221863 48.008142
385 2.12785101 0.000186025675 134.101891 396 8.665665 34.438627 14.218009 48.008142
386 2.12785095 0.000246240205 134.421187 397 8.665665 34.438627 14.221863 48.008142
387 2.1278509 0.000153623981 134.753596 398 8.665665 34.438627 14.218009 48.008142
388 2.1278508 0.000115786995 135.071953 399 8.665665 34.438627 14.218009 48.008142
389 2.12785075 0.000208762718 135.385685 400 8.665665 34.438627 14.218009 48.008142
390 2.12785068 0.00015894368 135.725209 401 8.665665 34.438627 14.218009 48.008142
391 2.1278506 0.000253397547 136.062435 402 8.665665 34.438627 14.221863 48.008142
392 2.12785052 0.000128651597 136.414053 403 8.661812 34.438627 14.218009 48.008142
393 2.12785047 0.000120658761 136.73079 404 8.661812 34.438627 14.218009 48.008142
394 2.12785038 0.000210958855 137.081285 405 8.661812 34.438627 14.221863 48.008142
395 2.12785033 0.000215846707 137.423402 406 8.661812 34.438627 14.221863 48.008142
396 2.12785028 0.000123387969 137.74623 407 8.661812 34.438627 14.221863 48.008142
397 2.12785021 0.000105650351 138.089635 408 8.661812 34.438627 14.221863 48.008142
398 2.12785016 0.00012449879 138.41944 409 8.661812 34.438627 14.225716 48.008142
399 2.12785011 0.000268480683 139.11102 411 8.661812 34.438627 14.225716 48.008142
400 2.12785003 0.000129347325 139.502518 412 8.661812 34.438627 14.225716 48.008142
401 2.12784996 0.000115161929 139.820758 413 8.661812 34.438627 14.225716 48.008142
402 2.12784991 0.000229134415 140.13569 414 8.661812 34.438627 14.225716 48.008142
403 2.12784986 0.000115919471 140.455951 415 8.661812 34.438627 14.225716 48.008142
404 2.1278498 0.000148957053 140.772612 416 8.661812 34.438627 14.225716 48.008142
405 2.12784973 0.000191402784 141.091626 417 8.657959 34.438627 14.229569 48.008142
406 2.12784971 0.000514513438 141.41015 418 8.654105 34.438627 14.225716 48.008142
407 2.12784958 0.000151593928 141.731044 419 8.654105 34.438627 14.225716 48.008142
408 2.12784954 9.46123775e-05 142.050084 420 8.654105 34.438627 14.225716 48.008142
409 2.12784948 0.000123207564 142.38899 421 8.654105 34.438627 14.225716 48.008142
410 2.1278494 0.000239405081 142.714841 422 8.654105 34.438627 14.225716 48.008142
411 2.12784931 0.000178177964 143.057437 423 8.654105 34.438627 14.225716 48.008142
412 2.12784924 0.000120150176 143.389792 424 8.654105 34.438627 14.225716 48.008142
413 2.12784917 0.000140218412 143.738569 425 8.657959 34.438627 14.221863 48.008142
414 2.12784913 0.000183903016 144.071299 426 8.657959 34.438627 14.221863 48.008142
415 2.12784907 0.000110542563 144.418564 427 8.657959 34.438627 14.221863 48.008142
416 2.12784899 0.000139148481 144.745639 428 8.657959 34.438627 14.221863 47.979064
417 2.12784893 0.000176238883 145.063771 429 8.657959 34.438627 14.221863 47.979064
418 2.12784886 0.00017047337 145.411024 430 8.657959 34.438627 14.218009 47.979064
419 2.12784879 9.91245968e-05 145.732705 431 8.657959 34.438627 14.221863 47.979064
420 2.12784871 0.00010718266 146.1164 432 8.661812 34.438627 14.221863 48.008142
421 2.12784867 0.000180351563 146.441227 433 8.661812 34.438627 14.221863 48.008142
422 2.12784861 0.000107706964 146.759588 434 8.661812 34.438627 14.225716 48.008142
423 2.12784856 0.000133926209 147.12182 435 8.657959 34.438627 14.225716 48.008142
424 2.12784852 0.000120083155 147.470663 436 8.661812 34.467714 14.225716 48.008142
425 2.12784849 8.97220872e-05 147.805858 437 8.661812 34.467714 14.225716 48.008142
426 2.12784844 0.000111738101 148.148387 438 8.661812 34.467714 14.229569 48.008142
427 2.12784841 0.00013362788 148.468406 439 8.661812 34.467714 14.229569 48.008142
428 2.12784838 9.97982912e-05 148.791999 440 8.661812 34.467714 14.229569 48.008142
429 2.12784834 0.000108098743 149.126711 441 8.665665 34.467714 14.225716 48.008142
430 2.12784833 0.000185934355 149.520129 442 8.665665 34.467714 14.225716 48.008142
431 2.12784831 8.91820367e-05 149.907471 443 8.665665 34.467714 14.225716 48.008142
432 2.12784829 6.14084963e-05 150.256955 444 8.665665 34.467714 14.225716 48.008142
433 2.12784828 8.05066051e-05 150.573477 445 8.661812 34.467714 14.225716 48.008142
434 2.12784825 0.00014913629 150.90909 446 8.665665 34.467714 14.225716 48.008142
435 2.12784822 0.000167942716 151.243605 447 8.661812 34.467714 14.225716 48.008142
436 2.12784819 7.77416927e-05 151.566476 448 8.665665 34.467714 14.225716 48.008142
437 2.12784816 8.88445173e-05 151.885973 449 8.665665 34.467714 14.225716 48.008142
438 2.12784814 0.000101367979 152.204493 450 8.665665 34.467714 14.225716 48.008142
439 2.12784812 9.75959351e-05 152.533088 451 8.665665 34.467714 14.225716 48.008142
440 2.1278481 6.88806471e-05 152.849724 452 8.665665 34.467714 14.225716 48.008142
441 2.12784808 7.41065998e-05 153.178156 453 8.665665 34.467714 14.225716 48.008142
442 2.12784806 8.66318213e-05 153.507162 454 8.665665 34.467714 14.225716 48.008142
443 2.12784804 7.35534666e-05 153.873302 455 8.665665 34.467714 14.225716 48.008142
444 2.12784802 0.000139449718 154.197596 456 8.661812 34.467714 14.225716 48.008142
445 2.127848 6.17269054e-05 154.517709 457 8.661812 34.467714 14.225716 48.008142
446 2.12784799 5.97789054e-05 154.840573 458 8.661812 34.467714 14.225716 48.008142
447 2.12784797 8.90908226e-05 155.169672 459 8.661812 34.467714 14.225716 48.008142
448 2.12784796 0.000122544381 155.522008 460 8.661812 34.467714 14.225716 48.008142
449 2.12784795 5.7179758e-05 155.851693 461 8.661812 34.467714 14.225716 48.008142
450 2.12784794 5.50662035e-05 156.202452 462 8.661812 34.467714 14.225716 48.008142
451 2.12784793 6.836542e-05 156.519591 463 8.661812 34.467714 14.225716 48.008142
452 2.12784792 0.00010483935 156.839662 464 8.665665 34.467714 14.225716 48.008142
453 2.1278479 4.49951207e-05 157.200151 465 8.665665 34.467714 14.225716 48.008142
Optimization converged with status CONVERGED_GTTOL.
Total CPU time: 133.33 seconds 
Total wallclock time: 157.2 seconds 
Objective/gradient CPU time: 131.28 seconds 
Objective/gradient wallclock time: 151.944 seconds 
