4 machines found
login-1.extreme.acer.uic.edu
login-1.extreme.acer.uic.edu
login-1.extreme.acer.uic.edu
login-1.extreme.acer.uic.edu
CRF loss
Parsing training data: ../data/train_petsc.txt
Parsing test data: ../data/test_petsc.txt
Data loading completed
====================  Summary of settings =================
Training data: ../data/train_petsc.txt
Test data: ../data/test_petsc.txt
loss: CRF, lambda: 1.000000e-04, Processors: 4
dim: 129, classes: 26
Train: #word=3438, #letter=25953
Test: #word=3439, #letter=26198
===========================================================
iter	func.val	gap time	feval.num	nfuncs	train_lett_err	train_word_err	test_lett_err	test_word_err
0	24.5949329	4.55704418	0.363559961	1	92.309174	100.000000	93.091357	100.000000
1	20.2607375	5.09781768	1.463166	3	71.379031	100.000000	72.099565	100.000000
2	17.4237086	3.66111382	2.01622105	4	66.662814	99.825480	67.013447	99.883687
3	15.2976702	2.67229428	2.5759871	5	53.446615	97.673066	54.020730	97.702821
4	13.1970477	2.13494509	3.13494611	6	45.397449	96.160558	46.094864	95.347485
5	10.8561662	2.52542479	3.72089815	7	39.702539	91.855730	40.827650	92.294272
6	9.27208175	1.17395507	4.28505898	8	33.788001	87.056428	34.959350	87.641756
7	8.68055522	0.877850628	4.92499113	9	31.518514	84.293194	32.601241	85.199186
8	7.80125982	0.853216196	5.48665619	10	28.532347	80.453752	29.622780	81.942425
9	7.17733535	1.54357246	6.05525327	11	27.133665	77.254218	28.370516	78.016865
10	6.65408865	0.732757847	6.64825034	12	24.548222	72.833042	25.842870	74.411166
11	6.39179941	0.543846276	7.20758629	13	23.646592	71.931355	24.864178	73.044490
12	5.90240529	0.616735986	7.76665831	14	22.228644	69.371728	23.688976	72.055830
13	5.41772849	0.844458896	8.32798719	15	21.080415	67.219314	22.637075	70.485606
14	5.04153833	0.723752496	8.8861022	16	20.386853	65.823153	22.267175	69.962198
15	4.79228883	0.389108192	9.44383717	17	19.277155	63.699825	21.153624	67.374237
16	4.56300429	0.364228186	10.005069	18	18.552768	61.140198	20.367588	65.164292
17	4.36119642	0.387010689	10.5722001	19	17.778292	58.842350	19.812738	63.506833
18	4.14852983	0.710746715	11.126658	20	17.624167	58.464223	20.190344	63.332364
19	3.89724093	0.29262814	11.6930518	21	16.317959	55.090169	19.123030	61.064263
20	3.77817202	0.242128846	12.2571378	22	16.028975	54.246655	18.768543	60.715324
21	3.65674319	0.377522712	12.8163519	23	15.847879	53.519488	18.595153	60.860715
22	3.54935076	0.449958917	13.3739839	24	15.547336	53.083188	18.348553	60.104682
23	3.46183762	0.24398718	13.9342039	25	15.123492	52.006981	17.970947	59.435883
24	3.34341856	0.251489761	14.4958069	26	14.664971	50.378127	17.550958	58.127363
25	3.25702439	0.253213474	15.0526149	27	14.406812	50.232693	17.300505	57.313172
26	3.17579758	0.476815693	15.6266358	28	13.971410	48.342059	17.443070	56.528060
27	3.07344916	0.181235647	16.1917529	29	13.358764	46.829552	16.899780	55.684792
28	3.01783069	0.188529179	16.751174	30	13.027396	46.218732	16.591531	54.608898
29	2.93606407	0.242609923	17.312156	31	12.803915	45.869692	16.402728	54.259959
30	2.91746049	0.52478662	17.8883259	32	12.965746	45.782432	16.491350	53.794708
31	2.82717238	0.1822481	18.454524	33	12.518784	45.055265	16.071360	52.951439
32	2.79811604	0.123363096	19.0107858	34	12.268331	44.589878	16.005857	53.067752
33	2.75959548	0.171569727	19.5778508	35	12.214388	44.182664	16.002004	52.951439
34	2.70455246	0.22872427	20.1933587	36	12.033291	43.862711	15.867144	52.398953
35	2.65906549	0.206380375	20.7544827	37	11.948522	43.862711	16.094478	53.125909
36	2.62468509	0.103042986	21.3122098	38	11.705776	42.902850	15.978885	52.922361
37	2.59355633	0.136514162	21.8732178	39	11.351289	41.826643	15.782376	52.311719
38	2.56085567	0.137535692	22.4381168	40	11.474589	41.681210	15.790082	51.933702
39	2.53288523	0.298113097	23.00664	41	11.470736	41.273997	15.840173	51.323059
40	2.50353907	0.144204978	23.6153648	42	11.185605	40.779523	15.693754	50.799651
41	2.48967906	0.0963050836	24.1758599	43	11.127808	40.517743	15.477979	50.508869
42	2.47115347	0.0946868934	24.7385759	44	11.004508	40.226876	15.408623	50.625182
43	2.44295112	0.151010072	25.3020289	45	10.912033	40.314136	15.474126	50.596104
44	2.42005533	0.16250699	25.8696787	46	10.765615	40.546830	15.312295	50.683338
45	2.40171317	0.0794450304	26.4384217	47	10.592224	39.994183	15.231380	50.683338
46	2.38608189	0.0761223135	27.0029128	48	10.476631	39.732403	15.185142	50.625182
47	2.37300406	0.0855119169	27.5676687	49	10.461218	39.616056	15.177436	50.567025
48	2.36323977	0.193258589	28.1359897	50	10.495896	38.947062	15.154317	50.421634
49	2.34425332	0.077561175	28.7457497	51	10.310947	38.801629	15.088814	50.392556
50	2.33657744	0.0628479339	29.3107786	52	10.210766	38.772542	15.069549	50.218087
51	2.32661833	0.0824947529	29.8728397	53	10.114438	38.743455	15.042577	50.247165
52	2.31381945	0.164201878	30.4344406	54	10.187647	38.888889	15.011752	50.450712
53	2.30153307	0.0725086858	30.9921205	55	10.002697	38.510762	14.915424	50.218087
54	2.29403671	0.0556100469	31.5640025	56	9.968019	38.219895	14.900012	49.985461
55	2.28722829	0.0634085554	32.1332796	57	9.902516	37.929029	14.907718	50.130852
56	2.278963	0.122489322	32.6956835	58	9.871691	37.929029	14.880746	50.043617
57	2.26997461	0.05505422	33.2600086	59	9.802335	37.289122	14.857627	50.072696
58	2.26416032	0.0500891869	33.8163388	60	9.790776	37.347295	14.838362	49.927304
59	2.2542555	0.0684087293	34.3745956	61	9.817747	37.521815	14.792124	49.752835
60	2.24914969	0.0813593421	35.5253046	63	9.679035	37.201862	14.780565	49.578366
61	2.24295269	0.0544528642	36.0893016	64	9.671329	37.056428	14.703502	49.491131
62	2.23593886	0.0466362886	36.6502566	65	9.594267	36.794648	14.618734	49.113114
63	2.23252142	0.0785661732	37.2226956	66	9.609679	37.056428	14.657265	49.200349
64	2.22879762	0.0429850799	37.7797525	67	9.524910	36.852821	14.618734	48.967723
65	2.22390859	0.0512985251	38.3403146	68	9.532617	36.794648	14.518553	48.647863
66	2.21838227	0.0635773114	38.8983736	69	9.555735	36.998255	14.526259	48.706019
67	2.21408409	0.0945676324	40.0058734	71	9.509498	36.852821	14.510847	48.589706
68	2.20805788	0.0463920941	40.5728705	72	9.555735	36.998255	14.495434	48.764176
69	2.20501641	0.0304342803	41.1437564	73	9.440142	36.823735	14.533965	48.793254
70	2.20170642	0.0400362117	41.7211444	74	9.478673	36.940081	14.510847	48.880489
71	2.19839606	0.0537906247	42.2873554	75	9.324548	36.503781	14.503140	48.706019
72	2.19453534	0.0519399871	42.8451004	76	9.282164	36.329261	14.483875	48.647863
73	2.1910458	0.0536508556	43.4066374	77	9.220514	36.329261	14.518553	48.676941
74	2.18862141	0.0372577812	43.9681435	78	9.185836	36.212914	14.537818	48.647863
75	2.18580585	0.0304284793	44.5273454	79	9.178130	36.242001	14.553231	48.647863
76	2.18282306	0.0438655561	45.0933185	80	9.039417	35.834788	14.522406	48.676941
77	2.17958212	0.0400592148	45.6590445	81	8.977768	35.573008	14.587909	48.822332
78	2.17743722	0.031374608	46.2182946	82	8.931530	35.485748	14.541671	48.764176
79	2.17506916	0.0312830707	46.7815425	83	8.981621	35.514834	14.506993	48.676941
80	2.17329258	0.0318812883	47.3447905	84	8.950796	35.456661	14.587909	48.880489
81	2.17110599	0.0309950749	47.9152036	85	8.989327	35.514834	14.564790	48.793254
82	2.16894708	0.0338008963	48.4838576	86	8.943089	35.427574	14.526259	48.822332
83	2.16712828	0.0278438308	49.1135406	87	8.908411	35.427574	14.549378	48.822332
84	2.16537919	0.0248902322	49.6870875	88	8.854468	35.136707	14.591762	48.967723
85	2.16369812	0.0328535633	50.2581255	89	8.869880	35.165794	14.514700	48.938645
86	2.16216224	0.0274711866	50.8182414	90	8.839055	34.991274	14.449197	48.706019
87	2.16089336	0.0211725972	51.3788354	91	8.800524	34.758581	14.441490	48.589706
88	2.15969501	0.0279814542	51.9424334	92	8.823643	34.787667	14.526259	48.793254
89	2.15859769	0.0270675448	52.5059364	93	8.815937	34.845841	14.460756	48.531550
90	2.15757936	0.0187856852	53.0827534	94	8.769699	34.700407	14.503140	48.735097
91	2.15631164	0.0202241327	53.6406944	95	8.754287	34.671321	14.487728	48.822332
92	2.15563334	0.0433881801	54.1950564	96	8.754287	34.467714	14.514700	48.822332
93	2.15467051	0.0201489266	54.7593615	97	8.727315	34.467714	14.503140	48.735097
94	2.15372554	0.0170700367	55.3151276	98	8.758140	34.584061	14.437637	48.880489
95	2.15289906	0.0206146777	55.8827887	99	8.700343	34.438627	14.399106	48.851410
96	2.15149626	0.0356011332	56.4537957	100	8.765846	34.642234	14.333603	48.473393
97	2.15027173	0.0266375665	57.0156856	101	8.742727	34.729494	14.387547	48.647863
98	2.14941706	0.0143903351	57.5827606	102	8.708049	34.525887	14.368281	48.531550
99	2.14824344	0.0175365761	58.1599934	103	8.700343	34.467714	14.375987	48.444315
100	2.14756267	0.0287468464	58.7246294	104	8.719609	34.729494	14.399106	48.706019
101	2.1466833	0.0187178071	59.2803855	105	8.700343	34.613147	14.360575	48.502472
102	2.14591906	0.0211844785	59.8408866	106	8.692637	34.671321	14.395253	48.502472
103	2.14534149	0.0154585405	60.4017377	107	8.719609	34.700407	14.325897	48.444315
104	2.14490088	0.0146738376	60.9684756	108	8.692637	34.642234	14.345162	48.415237
105	2.14386698	0.0242858838	61.5247545	109	8.681077	34.613147	14.349016	48.444315
106	2.1433642	0.0171456505	62.6631444	111	8.673371	34.613147	14.364428	48.560628
107	2.14298792	0.0124417819	63.2264822	112	8.673371	34.613147	14.372134	48.531550
108	2.14227529	0.0169461107	63.7991722	113	8.681077	34.700407	14.333603	48.386159
109	2.14216111	0.0410913454	64.358712	114	8.665665	34.700407	14.310484	48.357081
110	2.14164758	0.0152719734	64.920414	115	8.661812	34.613147	14.310484	48.328002
111	2.14130936	0.0100234974	65.4834709	116	8.711902	34.758581	14.310484	48.415237
112	2.1408879	0.0154777578	66.0456181	117	8.700343	34.758581	14.302778	48.386159
113	2.14024946	0.01820653	66.6063151	118	8.715755	34.758581	14.268100	48.240768
114	2.13986193	0.0293786384	67.7504671	120	8.673371	34.525887	14.291219	48.211689
115	2.13916245	0.0151324088	68.3100331	121	8.704196	34.671321	14.322044	48.182611
116	2.1387142	0.00945043685	68.8694801	122	8.742727	34.845841	14.298925	48.095377
117	2.13824178	0.0127017938	69.4377081	123	8.742727	34.787667	14.337456	48.211689
118	2.13793734	0.0311182722	70.0036032	124	8.754287	34.816754	14.322044	48.211689
119	2.13754952	0.0159488339	70.5667732	125	8.758140	34.671321	14.329750	48.211689
120	2.1370344	0.0117745725	71.1330631	126	8.738874	34.584061	14.356722	48.357081
121	2.13676228	0.0124763191	71.6919003	127	8.711902	34.584061	14.364428	48.328002
122	2.13650472	0.0343171888	72.2559314	128	8.773552	34.787667	14.422225	48.531550
123	2.13598374	0.0101331957	72.8178625	129	8.773552	34.613147	14.391400	48.386159
124	2.13581905	0.00803839116	73.3776255	130	8.785112	34.700407	14.387547	48.386159
125	2.13557613	0.0100306768	73.9344463	131	8.796671	34.671321	14.372134	48.357081
126	2.1352786	0.0242078765	74.4886794	132	8.758140	34.671321	14.318191	48.124455
127	2.13487977	0.0113097704	75.0608344	133	8.804377	34.729494	14.379840	48.240768
128	2.13461762	0.0075342268	75.6229224	134	8.773552	34.671321	14.375987	48.328002
129	2.13439145	0.0085709683	76.1811454	135	8.750433	34.700407	14.391400	48.415237
130	2.1340477	0.0159759106	76.7408254	136	8.761993	34.787667	14.379840	48.502472
131	2.13365032	0.0106556572	77.3027244	137	8.735021	34.816754	14.341309	48.357081
132	2.13336302	0.00748401401	77.8706393	138	8.761993	34.787667	14.364428	48.269846
133	2.13308051	0.0149103333	78.4309654	139	8.727315	34.700407	14.379840	48.357081
134	2.13289106	0.0165627779	78.9908783	140	8.719609	34.554974	14.349016	48.298924
135	2.13272803	0.0101722961	79.5490232	141	8.723462	34.496800	14.349016	48.298924
136	2.13239401	0.00646038427	80.1111891	142	8.673371	34.525887	14.360575	48.357081
137	2.13218957	0.00854160749	80.6707683	143	8.681077	34.525887	14.325897	48.357081
138	2.13201082	0.015543948	81.8071063	145	8.684930	34.700407	14.329750	48.357081
139	2.1317507	0.00702406692	82.3882914	146	8.673371	34.729494	14.287366	48.386159
140	2.13161178	0.00652399844	82.9518144	147	8.657959	34.671321	14.295072	48.386159
141	2.13144532	0.00837045568	83.5360484	148	8.681077	34.671321	14.306631	48.328002
142	2.13129322	0.00720241387	84.1013103	149	8.657959	34.642234	14.271953	48.211689
143	2.13111012	0.00794996597	84.6721673	150	8.665665	34.642234	14.260394	48.269846
144	2.13097821	0.013939518	85.2519243	151	8.681077	34.642234	14.244981	48.240768
145	2.13083099	0.00672886436	85.8234103	152	8.677224	34.613147	14.268100	48.240768
146	2.13069218	0.00653843488	86.3939793	153	8.696490	34.613147	14.283513	48.328002
147	2.13056259	0.00791928967	86.9601882	154	8.696490	34.671321	14.279659	48.328002
148	2.13045936	0.0138734547	88.0922461	156	8.692637	34.642234	14.241128	48.153533
149	2.13031448	0.00652168339	88.6555762	157	8.704196	34.613147	14.275806	48.269846
150	2.13021303	0.00421145915	89.2224391	158	8.692637	34.584061	14.298925	48.357081
151	2.13012632	0.00669849531	89.7944119	159	8.708049	34.613147	14.291219	48.328002
152	2.13002639	0.00651517109	90.3526549	160	8.708049	34.671321	14.271953	48.269846
153	2.12991768	0.00587559633	90.914758	161	8.719609	34.642234	14.287366	48.357081
154	2.12981205	0.0120230245	91.4782069	162	8.719609	34.700407	14.279659	48.240768
155	2.12970706	0.00551577263	92.0396659	163	8.692637	34.642234	14.271953	48.182611
156	2.12965291	0.00495907057	92.6006088	164	8.681077	34.613147	14.279659	48.182611
157	2.12954584	0.00686743948	93.1637547	165	8.650252	34.496800	14.295072	48.153533
158	2.129488	0.00968036621	94.2770426	167	8.681077	34.584061	14.283513	48.124455
159	2.12942384	0.00584698006	94.8502815	168	8.677224	34.554974	14.283513	48.124455
160	2.12934613	0.00371300868	95.4145885	169	8.669518	34.525887	14.291219	48.066298
161	2.12930067	0.00607439804	95.9828994	170	8.665665	34.525887	14.295072	48.124455
162	2.12924111	0.00442378756	96.5627174	171	8.661812	34.525887	14.298925	48.153533
163	2.12915289	0.00469569622	97.1314976	172	8.661812	34.554974	14.295072	48.153533
164	2.12912649	0.0127308948	97.7296615	173	8.642546	34.584061	14.283513	48.211689
165	2.12903581	0.00489938386	98.2917466	174	8.661812	34.584061	14.264247	48.182611
166	2.12899003	0.00337175726	98.8537498	175	8.681077	34.613147	14.279659	48.153533
167	2.12893394	0.00432090887	99.4218247	176	8.700343	34.642234	14.256541	48.124455
168	2.12890948	0.0137163484	99.9853919	177	8.642546	34.496800	14.241128	48.124455
169	2.12884235	0.00419613666	100.541668	178	8.650252	34.525887	14.229569	48.066298
170	2.12881587	0.00252277937	101.103103	179	8.673371	34.584061	14.264247	48.153533
171	2.12878548	0.00370208376	101.670827	180	8.669518	34.554974	14.268100	48.240768
172	2.1287313	0.00435155045	102.249027	181	8.654105	34.467714	14.256541	48.182611
173	2.1286882	0.00973699576	103.366814	183	8.650252	34.525887	14.248834	48.153533
174	2.12862073	0.0034571308	103.932429	184	8.665665	34.554974	14.244981	48.037220
175	2.12858729	0.00270503894	104.502538	185	8.673371	34.554974	14.252688	48.037220
176	2.12855414	0.00549797234	105.070484	186	8.646399	34.467714	14.237275	48.066298
177	2.12852567	0.00324071524	105.629292	187	8.677224	34.525887	14.244981	48.008142
178	2.12849916	0.00325197898	106.196375	188	8.669518	34.496800	14.244981	48.066298
179	2.12845388	0.00473779001	106.809088	189	8.646399	34.467714	14.244981	48.066298
180	2.12844265	0.00773739274	107.370998	190	8.654105	34.496800	14.291219	48.240768
181	2.12840275	0.0026074465	107.936327	191	8.654105	34.525887	14.241128	48.095377
182	2.12838754	0.00214544277	108.497942	192	8.661812	34.496800	14.229569	48.008142
183	2.12836339	0.00271790278	109.073621	193	8.673371	34.525887	14.218009	47.949985
184	2.12834066	0.00613354249	109.646531	194	8.684930	34.554974	14.233422	48.095377
185	2.12830979	0.00277613117	110.2142	195	8.681077	34.525887	14.244981	48.124455
186	2.1282855	0.00202298615	110.779479	196	8.684930	34.525887	14.252688	48.153533
187	2.12826764	0.00230943016	111.341628	197	8.673371	34.467714	14.256541	48.153533
188	2.12826044	0.00839666644	111.918058	198	8.646399	34.496800	14.252688	48.153533
189	2.12822711	0.00229379127	112.488932	199	8.634840	34.409540	14.248834	48.124455
190	2.12821598	0.0016189142	113.049192	200	8.642546	34.438627	14.221863	48.095377
191	2.12820006	0.00248882814	113.612904	201	8.646399	34.438627	14.214156	48.037220
192	2.12817333	0.00329166195	114.175024	202	8.650252	34.467714	14.221863	48.037220
193	2.12815807	0.0047908279	115.284091	204	8.669518	34.554974	14.221863	48.095377
194	2.12813775	0.00212655567	115.847892	205	8.654105	34.554974	14.233422	48.124455
195	2.128127	0.00153529056	116.405631	206	8.657959	34.525887	14.241128	48.124455
196	2.12811349	0.00230394571	116.966576	207	8.681077	34.554974	14.252688	48.182611
197	2.12810332	0.00394777763	117.539599	208	8.673371	34.584061	14.241128	48.153533
198	2.12809071	0.00188619691	118.114429	209	8.669518	34.525887	14.244981	48.153533
199	2.12807882	0.00168653055	118.679502	210	8.681077	34.584061	14.248834	48.124455
200	2.12806988	0.00193742489	119.243719	211	8.657959	34.525887	14.252688	48.153533
201	2.12806371	0.0060054378	119.805491	212	8.661812	34.525887	14.252688	48.124455
202	2.1280438	0.00170580055	120.370531	213	8.661812	34.525887	14.248834	48.095377
203	2.12803745	0.00125876507	120.932235	214	8.665665	34.554974	14.237275	48.066298
204	2.12803047	0.00152427881	121.510775	215	8.661812	34.525887	14.241128	48.095377
205	2.1280199	0.00274282893	122.068532	216	8.677224	34.525887	14.237275	48.037220
206	2.12800895	0.00202253693	122.622285	217	8.673371	34.496800	14.221863	47.979064
207	2.12800149	0.00135015353	123.181355	218	8.669518	34.496800	14.225716	48.008142
208	2.12799292	0.0017635539	123.742755	219	8.654105	34.496800	14.229569	48.037220
209	2.1279878	0.00233748062	124.347311	220	8.650252	34.438627	14.237275	48.008142
210	2.12798178	0.00122305348	124.913281	221	8.646399	34.438627	14.225716	48.008142
211	2.12797402	0.00125060652	125.471267	222	8.642546	34.467714	14.248834	48.066298
212	2.12796885	0.00154848437	126.02539	223	8.642546	34.467714	14.256541	48.066298
213	2.12796377	0.00234799615	126.584374	224	8.646399	34.496800	14.264247	48.066298
214	2.1279583	0.000915859277	127.155972	225	8.642546	34.467714	14.256541	48.037220
215	2.12795506	0.00106406418	127.715572	226	8.642546	34.467714	14.256541	48.066298
216	2.12795016	0.00129769504	128.280732	227	8.642546	34.496800	14.244981	48.037220
217	2.12794653	0.00229199396	129.445278	229	8.642546	34.496800	14.241128	48.037220
218	2.12794125	0.00107968144	130.001889	230	8.657959	34.496800	14.241128	48.037220
219	2.12793782	0.000768810344	130.567608	231	8.654105	34.467714	14.244981	48.037220
220	2.12793436	0.00137367879	131.136179	232	8.654105	34.467714	14.244981	48.066298
221	2.12793097	0.00115731122	131.705321	233	8.654105	34.467714	14.237275	48.037220
222	2.12792785	0.000916401141	132.272097	234	8.654105	34.467714	14.237275	48.037220
223	2.12792383	0.00177833898	132.831113	235	8.650252	34.496800	14.233422	48.037220
224	2.12792089	0.00130808235	133.387759	236	8.654105	34.467714	14.244981	48.037220
225	2.1279188	0.000949880079	133.945495	237	8.661812	34.496800	14.244981	48.037220
226	2.12791355	0.00077236588	134.539295	238	8.657959	34.496800	14.248834	48.066298
227	2.12791248	0.00219624474	135.105152	239	8.654105	34.496800	14.241128	48.037220
228	2.12790998	0.00104969631	135.665629	240	8.657959	34.496800	14.244981	48.037220
229	2.12790737	0.000634121374	136.230535	241	8.665665	34.496800	14.248834	48.066298
230	2.12790556	0.00083883402	136.788543	242	8.665665	34.496800	14.244981	48.037220
231	2.12790261	0.00113098229	137.350948	243	8.657959	34.438627	14.218009	47.979064
232	2.12790039	0.00134267943	138.501692	245	8.657959	34.438627	14.241128	48.008142
233	2.12789842	0.000672218923	139.062237	246	8.665665	34.467714	14.229569	48.037220
234	2.1278964	0.00075703605	139.628382	247	8.665665	34.467714	14.229569	48.037220
235	2.12789432	0.0011380855	140.193388	248	8.654105	34.467714	14.237275	48.066298
236	2.12789255	0.00116798193	140.773216	249	8.642546	34.438627	14.237275	48.066298
237	2.12789106	0.00055417194	141.356307	250	8.650252	34.409540	14.237275	48.066298
238	2.12788978	0.000603838267	141.915444	251	8.657959	34.438627	14.237275	48.066298
239	2.12788841	0.000722881601	142.47275	252	8.654105	34.438627	14.241128	48.095377
240	2.1278869	0.00135907369	143.587737	254	8.642546	34.380454	14.237275	48.095377
241	2.12788509	0.000537268197	144.158456	255	8.646399	34.409540	14.244981	48.095377
242	2.1278842	0.000431569338	144.724372	256	8.654105	34.409540	14.241128	48.095377
243	2.12788324	0.000675206822	145.289795	257	8.654105	34.438627	14.241128	48.095377
244	2.12788222	0.000807851836	145.869245	258	8.661812	34.438627	14.241128	48.095377
245	2.12788117	0.000509915104	146.431718	259	8.657959	34.438627	14.244981	48.095377
246	2.12787979	0.000557787288	147.00727	260	8.657959	34.438627	14.237275	48.095377
247	2.12787894	0.000702471204	147.601391	261	8.657959	34.438627	14.233422	48.066298
248	2.12787796	0.000514540308	148.171793	262	8.657959	34.438627	14.229569	48.037220
249	2.12787732	0.00112915472	148.733042	263	8.669518	34.438627	14.244981	48.095377
250	2.12787639	0.00039862257	149.303922	264	8.661812	34.409540	14.233422	48.066298
251	2.12787607	0.000365460252	149.868625	265	8.657959	34.409540	14.233422	48.066298
252	2.12787527	0.000531540199	150.428642	266	8.661812	34.438627	14.244981	48.095377
253	2.12787516	0.00167750937	150.982629	267	8.657959	34.438627	14.233422	48.037220
254	2.12787412	0.000535896349	151.538037	268	8.661812	34.438627	14.237275	48.066298
255	2.1278737	0.000302922116	152.101233	269	8.665665	34.467714	14.237275	48.066298
256	2.12787325	0.000390995107	152.666574	270	8.665665	34.467714	14.237275	48.066298
257	2.12787261	0.000361257568	153.228135	271	8.661812	34.438627	14.237275	48.066298
258	2.12787215	0.000906202776	154.367563	273	8.657959	34.438627	14.237275	48.066298
259	2.12787128	0.000393816716	154.932396	274	8.654105	34.438627	14.237275	48.037220
260	2.12787067	0.000330991764	155.496735	275	8.657959	34.438627	14.237275	48.037220
261	2.12787013	0.000878229593	156.061543	276	8.665665	34.467714	14.233422	48.008142
262	2.12786956	0.000330114523	156.631331	277	8.657959	34.438627	14.237275	48.037220
263	2.12786923	0.000342240745	157.196134	278	8.657959	34.438627	14.237275	48.037220
264	2.12786877	0.000452543212	157.78421	279	8.657959	34.438627	14.237275	48.037220
265	2.12786844	0.000620052687	158.914707	281	8.657959	34.438627	14.237275	48.037220
266	2.12786798	0.00028917342	159.523699	282	8.657959	34.438627	14.237275	48.037220
267	2.12786763	0.000269750756	160.091193	283	8.657959	34.438627	14.237275	48.037220
268	2.12786721	0.000490919247	160.651977	284	8.657959	34.438627	14.237275	48.037220
269	2.12786674	0.00044187666	161.207201	285	8.654105	34.409540	14.237275	48.037220
270	2.1278662	0.000368748037	161.783839	286	8.657959	34.438627	14.237275	48.037220
271	2.12786592	0.000974555071	162.385313	287	8.654105	34.438627	14.233422	48.008142
272	2.12786535	0.00026307701	162.958966	288	8.661812	34.467714	14.233422	48.008142
273	2.12786523	0.000226846753	163.515575	289	8.661812	34.467714	14.237275	48.037220
274	2.12786489	0.000325180374	164.079083	290	8.661812	34.467714	14.237275	48.037220
275	2.12786475	0.000946613013	164.644296	291	8.661812	34.438627	14.237275	48.037220
276	2.12786438	0.000329193618	165.208174	292	8.665665	34.467714	14.237275	48.037220
277	2.12786416	0.000251710661	165.772382	293	8.665665	34.467714	14.233422	48.008142
278	2.12786395	0.00031173935	166.349087	294	8.665665	34.467714	14.229569	48.008142
279	2.12786371	0.000661343973	166.915668	295	8.661812	34.438627	14.229569	48.008142
280	2.12786334	0.000235908262	167.47926	296	8.665665	34.467714	14.229569	48.008142
281	2.12786302	0.000293340096	168.039174	297	8.665665	34.467714	14.233422	48.037220
282	2.12786266	0.000331147886	168.594921	298	8.661812	34.467714	14.233422	48.037220
283	2.12786236	0.000813376968	169.159205	299	8.657959	34.467714	14.241128	48.066298
284	2.12786198	0.000252349987	169.728387	300	8.657959	34.467714	14.229569	48.008142
285	2.12786186	0.000192641701	170.287444	301	8.657959	34.467714	14.229569	48.008142
286	2.1278617	0.000249761537	170.858946	302	8.661812	34.467714	14.229569	48.008142
287	2.12786154	0.000508093757	171.422111	303	8.661812	34.467714	14.229569	48.008142
288	2.12786132	0.000232672564	171.987219	304	8.661812	34.467714	14.229569	48.008142
289	2.12786116	0.000203490352	172.549277	305	8.661812	34.467714	14.225716	48.008142
290	2.12786097	0.000252598452	173.109488	306	8.661812	34.467714	14.229569	48.037220
291	2.12786077	0.000631133342	173.669039	307	8.661812	34.467714	14.225716	48.008142
292	2.12786048	0.000234186954	174.231686	308	8.661812	34.467714	14.225716	48.008142
293	2.12786034	0.000162624173	174.798243	309	8.661812	34.467714	14.225716	48.037220
294	2.12786021	0.000216637314	175.367537	310	8.665665	34.467714	14.225716	48.037220
295	2.12786006	0.000375840831	175.927488	311	8.665665	34.467714	14.229569	48.037220
296	2.12785988	0.000219521009	176.49262	312	8.665665	34.467714	14.225716	48.008142
297	2.12785971	0.000184917411	177.053026	313	8.665665	34.467714	14.229569	48.008142
298	2.12785958	0.000267450619	177.611424	314	8.665665	34.467714	14.233422	48.037220
299	2.12785944	0.000286997092	178.169326	315	8.665665	34.467714	14.233422	48.037220
300	2.12785931	0.000196257448	178.751056	316	8.665665	34.467714	14.233422	48.037220
301	2.12785917	0.00018748626	179.312532	317	8.661812	34.467714	14.233422	48.037220
302	2.12785905	0.000231670434	179.87244	318	8.661812	34.467714	14.233422	48.037220
303	2.12785888	0.00020237382	180.432992	319	8.657959	34.467714	14.233422	48.037220
304	2.12785878	0.00039519702	181.053458	320	8.661812	34.467714	14.233422	48.066298
305	2.12785866	0.000169244123	181.617564	321	8.661812	34.467714	14.229569	48.037220
306	2.12785858	0.000155916204	182.212547	322	8.661812	34.467714	14.229569	48.037220
307	2.12785848	0.000235348105	182.777149	323	8.661812	34.467714	14.229569	48.037220
308	2.1278584	0.000510031887	183.344719	324	8.657959	34.467714	14.229569	48.037220
309	2.12785825	0.000211330064	183.905446	325	8.657959	34.467714	14.229569	48.037220
310	2.12785816	0.00016667618	184.462635	326	8.657959	34.467714	14.225716	48.037220
311	2.12785807	0.000191957162	185.04125	327	8.657959	34.467714	14.225716	48.037220
312	2.12785794	0.000371241077	185.602273	328	8.657959	34.467714	14.229569	48.037220
313	2.1278578	0.000225207428	186.167	329	8.657959	34.467714	14.221863	47.979064
314	2.12785771	0.00014116282	186.730146	330	8.657959	34.467714	14.225716	48.008142
315	2.12785758	0.000198486445	187.306972	331	8.657959	34.467714	14.221863	48.008142
316	2.12785751	0.000355289708	187.87212	332	8.657959	34.467714	14.218009	47.979064
317	2.1278574	0.000199812292	188.432584	333	8.657959	34.467714	14.218009	47.979064
318	2.12785726	0.000179383907	188.992552	334	8.657959	34.467714	14.214156	47.979064
319	2.12785716	0.000188964905	189.551884	335	8.657959	34.467714	14.214156	47.979064
320	2.12785707	0.00031170958	190.678683	337	8.657959	34.467714	14.214156	47.979064
321	2.12785693	0.000164518992	191.237778	338	8.657959	34.467714	14.218009	47.979064
322	2.12785685	0.00015101671	191.816243	339	8.657959	34.467714	14.218009	47.979064
323	2.12785675	0.000224203397	192.382101	340	8.657959	34.467714	14.218009	47.979064
324	2.12785665	0.000184131001	192.939582	341	8.657959	34.467714	14.214156	47.979064
325	2.12785654	0.000182101622	193.500163	342	8.657959	34.467714	14.214156	47.979064
326	2.12785644	0.000345233921	194.056959	343	8.657959	34.467714	14.214156	47.979064
327	2.12785634	0.000172333501	194.611151	344	8.657959	34.467714	14.214156	47.979064
328	2.12785627	0.000173867593	195.187041	345	8.657959	34.467714	14.214156	47.979064
329	2.12785617	0.000198094601	195.791459	346	8.661812	34.467714	14.214156	47.979064
330	2.12785611	0.000242134059	196.939796	348	8.657959	34.467714	14.214156	47.979064
331	2.12785603	0.000163865037	197.49714	349	8.661812	34.467714	14.214156	47.979064
332	2.12785591	0.000167468513	198.062138	350	8.661812	34.467714	14.214156	47.979064
333	2.12785581	0.000223856879	198.629178	351	8.661812	34.467714	14.218009	47.979064
334	2.12785569	0.000203195399	199.197061	352	8.661812	34.467714	14.218009	47.979064
335	2.12785558	0.00016673243	199.764309	353	8.661812	34.467714	14.214156	47.979064
336	2.12785545	0.000243878346	200.327742	354	8.661812	34.467714	14.218009	47.979064
337	2.12785534	0.000205606317	200.894883	355	8.661812	34.467714	14.218009	47.979064
338	2.12785522	0.000184488478	201.517467	356	8.661812	34.467714	14.218009	47.979064
339	2.1278551	0.000338021711	202.076289	357	8.661812	34.467714	14.225716	48.037220
340	2.12785499	0.000190442293	202.646448	358	8.661812	34.467714	14.221863	48.008142
341	2.12785493	0.00015152725	203.202339	359	8.661812	34.467714	14.221863	48.008142
342	2.12785484	0.000145020723	203.767241	360	8.661812	34.467714	14.221863	48.008142
343	2.12785476	0.000385777948	204.357383	361	8.661812	34.467714	14.221863	48.008142
344	2.12785466	0.000190746628	204.915955	362	8.661812	34.467714	14.221863	48.008142
345	2.12785456	0.000143067194	205.498862	363	8.661812	34.467714	14.221863	48.008142
346	2.12785448	0.00018634318	206.064589	364	8.661812	34.467714	14.221863	48.008142
347	2.12785439	0.000295751137	206.636998	365	8.661812	34.467714	14.225716	48.008142
348	2.12785428	0.000211145348	207.196481	366	8.661812	34.467714	14.225716	48.008142
349	2.12785419	0.000189368362	207.761642	367	8.661812	34.467714	14.225716	48.008142
350	2.12785404	0.000229752042	208.350067	368	8.657959	34.438627	14.225716	48.008142
351	2.12785397	0.000551792092	208.962537	369	8.657959	34.438627	14.229569	48.008142
352	2.12785382	0.000196850119	209.519166	370	8.657959	34.438627	14.225716	48.008142
353	2.12785374	0.000132638357	210.077714	371	8.657959	34.438627	14.225716	48.008142
354	2.12785367	0.000160609591	210.639246	372	8.657959	34.438627	14.225716	48.008142
355	2.12785361	0.000330388951	211.205512	373	8.657959	34.438627	14.225716	48.008142
356	2.12785351	0.000148413994	211.782965	374	8.657959	34.438627	14.225716	48.008142
357	2.12785341	0.000151053871	212.343933	375	8.657959	34.438627	14.225716	48.008142
358	2.12785331	0.000178940183	212.903493	376	8.657959	34.438627	14.229569	48.008142
359	2.12785328	0.000560053721	213.46051	377	8.654105	34.409540	14.225716	48.008142
360	2.12785311	0.000179934854	214.028593	378	8.657959	34.438627	14.225716	48.008142
361	2.12785305	0.000116773898	214.58971	379	8.657959	34.438627	14.225716	48.008142
362	2.12785299	0.000143470228	215.14641	380	8.657959	34.438627	14.221863	48.008142
363	2.12785289	0.000225377773	215.703981	381	8.661812	34.438627	14.225716	48.008142
364	2.12785279	0.000271958757	216.268006	382	8.657959	34.438627	14.221863	48.008142
365	2.12785269	0.000135934952	216.825443	383	8.657959	34.438627	14.225716	48.008142
366	2.12785261	0.00016505777	217.386684	384	8.657959	34.438627	14.225716	48.008142
367	2.12785252	0.000211502629	217.948507	385	8.657959	34.438627	14.225716	48.008142
368	2.12785249	0.000520557718	218.517581	386	8.650252	34.409540	14.221863	48.008142
369	2.12785235	0.000161172973	219.095546	387	8.650252	34.409540	14.221863	48.008142
370	2.12785229	0.0001298223	219.658866	388	8.654105	34.438627	14.221863	48.008142
371	2.12785222	0.000157601312	220.245286	389	8.657959	34.438627	14.221863	48.008142
372	2.12785215	0.000315382014	220.806593	390	8.657959	34.438627	14.221863	48.008142
373	2.12785206	0.000136617214	221.368452	391	8.657959	34.438627	14.221863	48.008142
374	2.12785201	0.000118139429	221.926193	392	8.657959	34.438627	14.221863	48.008142
375	2.12785194	0.000157919722	222.483011	393	8.657959	34.438627	14.221863	48.008142
376	2.12785188	0.000300432037	223.062466	394	8.657959	34.438627	14.225716	48.008142
377	2.1278518	0.000152364573	223.626815	395	8.657959	34.438627	14.221863	48.008142
378	2.12785172	0.000144306626	224.186647	396	8.657959	34.438627	14.221863	48.008142
379	2.12785166	0.000155676101	224.747855	397	8.657959	34.438627	14.221863	48.008142
380	2.1278516	0.000312963391	225.859428	399	8.657959	34.438627	14.221863	48.008142
381	2.12785151	0.000156630486	226.420126	400	8.657959	34.438627	14.225716	48.008142
382	2.12785145	0.000107385531	226.996495	401	8.657959	34.438627	14.225716	48.008142
383	2.12785139	0.000188745759	227.554839	402	8.657959	34.438627	14.221863	48.008142
384	2.12785134	0.000175104584	228.120481	403	8.657959	34.438627	14.221863	48.008142
385	2.12785128	0.000147492211	228.68011	404	8.657959	34.438627	14.221863	48.008142
386	2.12785119	0.00026391373	229.243947	405	8.661812	34.438627	14.218009	48.008142
387	2.12785111	0.000162313847	229.802109	406	8.661812	34.438627	14.218009	48.008142
388	2.12785106	0.000128655778	230.363408	407	8.661812	34.438627	14.218009	48.008142
389	2.12785099	0.000162605193	230.943704	408	8.661812	34.438627	14.221863	48.008142
390	2.12785096	0.00025501731	231.53836	409	8.661812	34.438627	14.221863	48.008142
391	2.12785091	0.000134417836	232.098792	410	8.661812	34.438627	14.221863	48.008142
392	2.12785086	0.000101526233	232.685434	411	8.661812	34.438627	14.221863	48.008142
393	2.12785083	0.000121107495	233.273844	412	8.661812	34.438627	14.221863	48.008142
394	2.12785081	0.000426221575	233.843177	413	8.661812	34.438627	14.218009	48.008142
395	2.12785071	0.000133825997	234.405866	414	8.661812	34.438627	14.218009	48.008142
396	2.12785066	0.000107793305	235.006951	415	8.661812	34.438627	14.221863	48.008142
397	2.1278506	0.000131928984	235.655734	416	8.661812	34.438627	14.221863	48.008142
398	2.12785051	0.000159251771	236.216062	417	8.661812	34.438627	14.221863	48.008142
399	2.12785047	0.000228888279	237.347007	419	8.661812	34.438627	14.221863	48.008142
400	2.12785041	0.000116988306	237.909393	420	8.661812	34.438627	14.221863	48.008142
401	2.12785037	0.000101598358	238.477341	421	8.661812	34.438627	14.221863	48.008142
402	2.12785031	0.000144459099	239.042593	422	8.661812	34.438627	14.221863	48.008142
403	2.12785027	0.000292888017	239.601932	423	8.661812	34.438627	14.221863	48.008142
404	2.12785021	0.000156664206	240.177218	424	8.661812	34.438627	14.221863	48.008142
405	2.12785013	0.000136580298	240.740946	425	8.661812	34.438627	14.221863	48.008142
406	2.12785008	0.000157424865	241.323428	426	8.661812	34.438627	14.221863	48.008142
407	2.12785006	0.000501588978	241.889755	427	8.661812	34.438627	14.229569	48.008142
408	2.12784994	0.00013266978	242.450555	428	8.661812	34.438627	14.229569	48.008142
409	2.12784991	9.21651221e-05	243.057865	429	8.661812	34.438627	14.229569	48.008142
410	2.12784987	0.000117930727	243.634272	430	8.661812	34.438627	14.229569	48.008142
411	2.1278498	0.000156589604	244.198368	431	8.661812	34.438627	14.229569	48.008142
412	2.12784969	0.000389062674	244.775869	432	8.661812	34.438627	14.225716	48.008142
413	2.12784958	0.000213320458	245.348702	433	8.661812	34.438627	14.225716	48.008142
414	2.12784953	0.00010906975	245.905685	434	8.661812	34.438627	14.225716	48.008142
415	2.12784947	0.000107732711	246.487704	435	8.661812	34.438627	14.225716	48.008142
416	2.12784943	0.000213807951	247.044708	436	8.661812	34.438627	14.225716	48.008142
417	2.12784936	0.000183232616	247.614459	437	8.661812	34.438627	14.225716	48.008142
418	2.12784922	0.000228764866	248.169167	438	8.661812	34.438627	14.225716	48.008142
419	2.12784915	0.000226636813	248.740006	439	8.661812	34.438627	14.225716	48.008142
420	2.12784908	0.000113127915	249.318536	440	8.661812	34.438627	14.225716	48.008142
421	2.12784901	9.96944107e-05	249.872953	441	8.661812	34.438627	14.225716	48.008142
422	2.12784896	0.000133685412	250.430938	442	8.661812	34.438627	14.225716	48.008142
423	2.1278489	0.000366610367	250.999276	443	8.657959	34.438627	14.225716	48.008142
424	2.12784879	0.00014122257	251.560152	444	8.657959	34.438627	14.221863	47.979064
425	2.12784874	0.000132232901	252.124632	445	8.657959	34.438627	14.225716	48.008142
426	2.12784867	0.000170543517	252.688016	446	8.657959	34.438627	14.225716	48.008142
427	2.12784862	0.000223924333	253.807301	448	8.654105	34.409540	14.225716	48.008142
428	2.12784856	0.000141310466	254.383661	449	8.654105	34.409540	14.225716	48.008142
429	2.12784849	9.03958277e-05	254.937823	450	8.654105	34.409540	14.225716	48.008142
430	2.12784845	0.000173960639	255.499316	451	8.657959	34.438627	14.225716	48.008142
431	2.12784841	0.000119337631	256.063375	452	8.657959	34.438627	14.225716	48.008142
432	2.12784835	0.000104005672	256.620943	453	8.657959	34.438627	14.229569	48.008142
433	2.12784831	0.000342687687	257.180092	454	8.654105	34.438627	14.229569	48.008142
434	2.12784824	0.000119492642	257.766027	455	8.657959	34.438627	14.229569	48.008142
435	2.1278482	9.49288381e-05	258.338139	456	8.657959	34.438627	14.229569	48.008142
436	2.12784817	0.000109586313	258.982484	457	8.661812	34.467714	14.229569	48.008142
437	2.12784812	0.000256980047	259.547985	458	8.661812	34.467714	14.229569	48.008142
438	2.12784807	0.000108817181	260.195042	459	8.661812	34.467714	14.225716	48.008142
439	2.12784804	6.73759504e-05	260.759331	460	8.661812	34.467714	14.229569	48.008142
440	2.12784801	0.000105361251	261.316894	461	8.661812	34.467714	14.225716	48.008142
441	2.12784798	0.000126107761	261.874338	462	8.657959	34.467714	14.229569	48.008142
442	2.12784795	8.17401138e-05	262.434739	463	8.657959	34.467714	14.229569	48.008142
443	2.12784792	7.53778055e-05	263.005202	464	8.661812	34.467714	14.225716	48.008142
444	2.1278479	9.92378217e-05	263.576328	465	8.661812	34.467714	14.225716	48.008142
445	2.12784787	5.88479311e-05	264.146978	466	8.661812	34.467714	14.225716	48.008142
446	2.12784785	0.000136876238	264.717302	467	8.661812	34.467714	14.225716	48.008142
447	2.12784783	6.44042503e-05	265.278301	468	8.665665	34.467714	14.225716	48.008142
448	2.12784782	6.31960311e-05	265.840146	469	8.665665	34.467714	14.225716	48.008142
449	2.1278478	0.00012211723	266.419581	470	8.665665	34.467714	14.225716	48.008142
450	2.12784779	8.32781775e-05	266.980606	471	8.665665	34.467714	14.225716	48.008142
451	2.12784778	5.71140312e-05	267.570792	472	8.665665	34.467714	14.225716	48.008142
452	2.12784776	5.73403536e-05	268.137055	473	8.665665	34.467714	14.225716	48.008142
453	2.12784775	0.000124143708	268.694203	474	8.665665	34.467714	14.225716	48.008142
454	2.12784774	6.17728629e-05	269.249599	475	8.665665	34.467714	14.225716	48.008142
455	2.12784773	4.23318264e-05	269.817934	476	8.665665	34.467714	14.225716	48.008142
Optimization converged with status CONVERGED_GTTOL.
Total CPU time: 261.92 seconds 
Total wallclock time: 269.818 seconds 
Objective/gradient CPU time: 260.23 seconds 
Objective/gradient wallclock time: 267.126 seconds 
