8 machines found
login-1.extreme.acer.uic.edu
login-1.extreme.acer.uic.edu
login-1.extreme.acer.uic.edu
login-1.extreme.acer.uic.edu
login-1.extreme.acer.uic.edu
login-1.extreme.acer.uic.edu
login-1.extreme.acer.uic.edu
login-1.extreme.acer.uic.edu
CRF loss
Parsing training data: ../data/train_petsc.txt
Parsing test data: ../data/test_petsc.txt
Data loading completed
====================  Summary of settings =================
Training data: ../data/train_petsc.txt
Test data: ../data/test_petsc.txt
loss: CRF, lambda: 1.000000e-04, Processors: 8
dim: 129, classes: 26
Train: #word=3438, #letter=25953
Test: #word=3439, #letter=26198
===========================================================
iter	func.val	gap time	feval.num	nfuncs	train_lett_err	train_word_err	test_lett_err	test_word_err
0	24.5949329	4.55704418	0.368407965	1	92.309174	100.000000	93.091357	100.000000
1	20.2607375	5.09781768	1.13044786	3	71.379031	100.000000	72.099565	100.000000
2	17.4237086	3.66111382	1.61422276	4	66.662814	99.825480	67.013447	99.883687
3	15.2976702	2.67229428	1.99361968	5	53.446615	97.673066	54.020730	97.702821
4	13.1970477	2.13494509	2.37950063	6	45.397449	96.160558	46.094864	95.347485
5	10.8561662	2.52542479	2.89842153	7	39.702539	91.855730	40.827650	92.294272
6	9.27208175	1.17395507	3.29946041	8	33.788001	87.056428	34.959350	87.641756
7	8.68055522	0.877850628	3.75456047	9	31.518514	84.293194	32.601241	85.199186
8	7.80125982	0.853216196	4.1961205	10	28.532347	80.453752	29.622780	81.942425
9	7.17733535	1.54357246	4.57494044	11	27.133665	77.254218	28.370516	78.016865
10	6.65408865	0.732757847	4.94420052	12	24.548222	72.833042	25.842870	74.411166
11	6.39179941	0.543846276	5.34147835	13	23.646592	71.931355	24.864178	73.044490
12	5.90240529	0.616735986	5.71332049	14	22.228644	69.371728	23.688976	72.055830
13	5.41772849	0.844458896	6.08314252	15	21.080415	67.219314	22.637075	70.485606
14	5.04153833	0.723752496	6.46955347	16	20.386853	65.823153	22.267175	69.962198
15	4.79228883	0.389108192	6.85038233	17	19.277155	63.699825	21.153624	67.374237
16	4.56300429	0.364228186	7.2396183	18	18.552768	61.140198	20.367588	65.164292
17	4.36119642	0.387010689	7.64816236	19	17.778292	58.842350	19.812738	63.506833
18	4.14852983	0.710746715	8.0485785	20	17.624167	58.464223	20.190344	63.332364
19	3.89724093	0.29262814	8.43971252	21	16.317959	55.090169	19.123030	61.064263
20	3.77817202	0.242128846	8.81373262	22	16.028975	54.246655	18.768543	60.715324
21	3.65674319	0.377522712	9.25042272	23	15.847879	53.519488	18.595153	60.860715
22	3.54935076	0.449958917	9.66932654	24	15.547336	53.083188	18.348553	60.104682
23	3.46183762	0.24398718	10.0663824	25	15.123492	52.006981	17.970947	59.435883
24	3.34341856	0.251489761	10.4260154	26	14.664971	50.378127	17.550958	58.127363
25	3.25702439	0.253213474	10.8467264	27	14.406812	50.232693	17.300505	57.313172
26	3.17579758	0.476815693	11.3736875	28	13.971410	48.342059	17.443070	56.528060
27	3.07344916	0.181235647	11.7883675	29	13.358764	46.829552	16.899780	55.684792
28	3.01783069	0.188529179	12.3958867	30	13.027396	46.218732	16.591531	54.608898
29	2.93606407	0.242609923	13.0226946	31	12.803915	45.869692	16.402728	54.259959
30	2.91746049	0.52478662	13.5325596	32	12.965746	45.782432	16.491350	53.794708
31	2.82717238	0.1822481	13.9538307	33	12.518784	45.055265	16.071360	52.951439
32	2.79811604	0.123363096	14.3411107	34	12.268331	44.589878	16.005857	53.067752
33	2.75959548	0.171569727	14.8797867	35	12.214388	44.182664	16.002004	52.951439
34	2.70455246	0.22872427	15.2720678	36	12.033291	43.862711	15.867144	52.398953
35	2.65906549	0.206380375	15.918258	37	11.948522	43.862711	16.094478	53.125909
36	2.62468509	0.103042986	16.3105519	38	11.705776	42.902850	15.978885	52.922361
37	2.59355633	0.136514162	16.7983048	39	11.351289	41.826643	15.782376	52.311719
38	2.56085567	0.137535692	17.2131858	40	11.474589	41.681210	15.790082	51.933702
39	2.53288523	0.298113097	17.6013517	41	11.470736	41.273997	15.840173	51.323059
40	2.50353907	0.144204978	18.0284977	42	11.185605	40.779523	15.693754	50.799651
41	2.48967906	0.0963050836	18.4377837	43	11.127808	40.517743	15.477979	50.508869
42	2.47115347	0.0946868934	18.8304086	44	11.004508	40.226876	15.408623	50.625182
43	2.44295112	0.151010072	19.2290957	45	10.912033	40.314136	15.474126	50.596104
44	2.42005533	0.16250699	19.6853497	46	10.765615	40.546830	15.312295	50.683338
45	2.40171317	0.0794450304	20.0604455	47	10.592224	39.994183	15.231380	50.683338
46	2.38608189	0.0761223135	20.5123637	48	10.476631	39.732403	15.185142	50.625182
47	2.37300406	0.0855119169	21.0982156	49	10.461218	39.616056	15.177436	50.567025
48	2.36323977	0.19325859	21.7330937	50	10.495896	38.947062	15.154317	50.421634
49	2.34425332	0.077561175	22.1688447	51	10.310947	38.801629	15.088814	50.392556
50	2.33657744	0.0628479337	22.8534546	52	10.210766	38.772542	15.069549	50.218087
51	2.32661834	0.0824947528	23.3112977	53	10.114438	38.743455	15.042577	50.247165
52	2.31381945	0.164201878	23.7039816	54	10.187647	38.888889	15.011752	50.450712
53	2.30153307	0.0725086858	24.1384106	55	10.002697	38.510762	14.915424	50.218087
54	2.29403671	0.0556100469	24.5397117	56	9.968019	38.219895	14.900012	49.985461
55	2.28722829	0.0634085554	24.9513018	57	9.902516	37.929029	14.907718	50.130852
56	2.278963	0.122489322	25.755631	58	9.871691	37.929029	14.880746	50.043617
57	2.26997461	0.0550542199	26.2443888	59	9.802335	37.289122	14.857627	50.072696
58	2.26416032	0.0500891872	26.6472809	60	9.790776	37.347295	14.838362	49.927304
59	2.2542555	0.0684087276	27.067667	61	9.817747	37.521815	14.792124	49.752835
60	2.2491497	0.0813593444	27.7971172	63	9.679035	37.201862	14.780565	49.578366
61	2.24295269	0.0544528649	28.1690521	64	9.671329	37.056428	14.703502	49.491131
62	2.23593886	0.0466362866	28.5750422	65	9.594267	36.794648	14.618734	49.113114
63	2.23252142	0.0785661717	28.9429531	66	9.609679	37.056428	14.657265	49.200349
64	2.22879762	0.04298508	29.3240452	67	9.524910	36.852821	14.618734	48.967723
65	2.22390859	0.0512985252	29.7167532	68	9.532617	36.794648	14.518553	48.647863
66	2.21838227	0.0635773128	30.2509792	69	9.555735	36.998255	14.526259	48.706019
67	2.21408409	0.0945676252	31.0420043	71	9.509498	36.852821	14.510847	48.589706
68	2.20805788	0.0463920915	31.4298084	72	9.555735	36.998255	14.495434	48.764176
69	2.20501641	0.0304342805	32.0905185	73	9.440142	36.823735	14.533965	48.793254
70	2.20170642	0.0400362141	32.4835405	74	9.478673	36.940081	14.510847	48.880489
71	2.19839606	0.0537906218	32.9418795	75	9.324548	36.503781	14.503140	48.706019
72	2.19453534	0.0519399755	33.3894255	76	9.282164	36.329261	14.483875	48.647863
73	2.1910458	0.0536509148	33.9817846	77	9.220514	36.329261	14.518553	48.676941
74	2.18862141	0.0372577787	34.4392147	78	9.185836	36.212914	14.537818	48.647863
75	2.18580585	0.0304284905	34.9547467	79	9.178130	36.242001	14.553231	48.647863
76	2.18282306	0.043865521	35.3275785	80	9.039417	35.834788	14.522406	48.676941
77	2.17958212	0.0400594609	35.6963375	81	8.977768	35.573008	14.587909	48.822332
78	2.17743722	0.0313745718	36.1094666	82	8.931530	35.485748	14.541671	48.764176
79	2.17506917	0.0312829613	36.4897594	83	8.981621	35.514834	14.506993	48.676941
80	2.17329259	0.0318812694	36.8806434	84	8.950796	35.456661	14.587909	48.880489
81	2.17110599	0.0309956239	37.3000634	85	8.989327	35.514834	14.564790	48.793254
82	2.16894709	0.0338005011	37.6895924	86	8.943089	35.427574	14.526259	48.822332
83	2.1671283	0.0278435629	38.0745504	87	8.908411	35.427574	14.549378	48.822332
84	2.16537919	0.0248905761	38.4636564	88	8.854468	35.136707	14.591762	48.967723
85	2.16369814	0.0328539212	38.8702605	89	8.869880	35.165794	14.514700	48.938645
86	2.16216224	0.027468992	39.2777915	90	8.839055	34.991274	14.449197	48.706019
87	2.16089334	0.021172808	39.6511307	91	8.800524	34.758581	14.441490	48.589706
88	2.15969502	0.0279854823	40.0238757	92	8.823643	34.787667	14.526259	48.793254
89	2.15859758	0.0270586218	40.4262125	93	8.815937	34.845841	14.460756	48.531550
90	2.15757929	0.0187853368	40.8280356	94	8.769699	34.700407	14.503140	48.735097
91	2.15631142	0.0202315834	41.2087858	95	8.754287	34.671321	14.487728	48.822332
92	2.15563343	0.0433919088	41.5870769	96	8.754287	34.467714	14.514700	48.822332
93	2.15467069	0.0201457126	42.1120219	97	8.727315	34.467714	14.503140	48.735097
94	2.1537261	0.0170710792	42.5076168	98	8.758140	34.584061	14.437637	48.880489
95	2.15289962	0.0206126308	42.8815186	99	8.700343	34.438627	14.399106	48.851410
96	2.15149493	0.0355428026	43.2650986	100	8.765846	34.642234	14.333603	48.473393
97	2.15027189	0.0267574762	43.7137837	101	8.742727	34.729494	14.387547	48.647863
98	2.14941581	0.0143956692	44.1178138	102	8.708049	34.525887	14.368281	48.531550
99	2.14824495	0.017566237	44.5152607	103	8.700343	34.467714	14.375987	48.444315
100	2.14756117	0.0284084467	44.9057477	104	8.719609	34.729494	14.399106	48.706019
101	2.14667297	0.0185265582	45.2994547	105	8.696490	34.613147	14.364428	48.502472
102	2.14592463	0.0217308014	45.6714656	106	8.692637	34.671321	14.395253	48.502472
103	2.14533737	0.014957619	46.0422838	107	8.719609	34.729494	14.322044	48.444315
104	2.14489609	0.0144907948	46.4079936	108	8.692637	34.642234	14.345162	48.415237
105	2.14388089	0.0227651511	46.7981837	109	8.673371	34.613147	14.352869	48.444315
106	2.14340214	0.0177506384	47.5709987	111	8.684930	34.642234	14.368281	48.560628
107	2.14300501	0.0125948032	48.0831096	112	8.677224	34.642234	14.375987	48.560628
108	2.14230537	0.0163753096	48.5100956	113	8.684930	34.729494	14.345162	48.386159
109	2.1421466	0.0388703002	48.9014175	114	8.669518	34.758581	14.310484	48.357081
110	2.14166155	0.0149454653	49.3026755	115	8.661812	34.613147	14.310484	48.328002
111	2.14131085	0.0106826443	49.9271314	116	8.711902	34.758581	14.318191	48.444315
112	2.14090982	0.0153382838	50.3215704	117	8.700343	34.729494	14.314337	48.415237
113	2.14019066	0.0185774969	50.7471373	118	8.715755	34.758581	14.279659	48.240768
114	2.13981782	0.0297187919	51.7072492	120	8.681077	34.525887	14.302778	48.298924
115	2.1390919	0.015735369	52.0984061	121	8.719609	34.729494	14.337456	48.182611
116	2.13862946	0.00920538831	52.6593149	122	8.750433	34.874927	14.298925	48.124455
117	2.13814418	0.0123532553	53.2342091	123	8.708049	34.642234	14.333603	48.211689
118	2.13788055	0.0337242809	53.671741	124	8.731168	34.671321	14.302778	48.211689
119	2.13749945	0.0165067195	54.170655	125	8.719609	34.613147	14.322044	48.298924
120	2.13703884	0.0111498816	54.5666082	126	8.719609	34.554974	14.349016	48.328002
121	2.1367867	0.0128929001	54.9880872	127	8.696490	34.554974	14.383694	48.415237
122	2.13639948	0.0288401947	55.5154374	128	8.758140	34.671321	14.395253	48.444315
123	2.1359446	0.0126188907	55.9203293	129	8.788965	34.700407	14.410665	48.473393
124	2.13573866	0.00850373319	56.3338604	130	8.777405	34.671321	14.395253	48.386159
125	2.13543471	0.0106454183	56.7126186	131	8.765846	34.584061	14.379840	48.386159
126	2.13517984	0.0206125279	57.1484425	132	8.788965	34.700407	14.325897	48.066298
127	2.13483726	0.00903973188	57.5958955	133	8.819790	34.787667	14.383694	48.298924
128	2.1345957	0.00770165389	58.0055425	134	8.746580	34.642234	14.372134	48.298924
129	2.13435853	0.0085785437	58.4799526	135	8.727315	34.671321	14.399106	48.415237
130	2.13422184	0.0304701488	58.9183095	136	8.738874	34.758581	14.395253	48.502472
131	2.13374186	0.00999274274	59.5250084	137	8.738874	34.729494	14.349016	48.415237
132	2.13349823	0.00744346054	60.0789094	138	8.758140	34.816754	14.364428	48.328002
133	2.13324276	0.00944603799	60.5239143	139	8.761993	34.816754	14.368281	48.240768
134	2.13306384	0.0252540173	60.9322345	140	8.742727	34.642234	14.352869	48.182611
135	2.13275495	0.00996682266	61.4215765	141	8.711902	34.554974	14.352869	48.269846
136	2.13254655	0.00718934798	61.8120005	142	8.684930	34.584061	14.364428	48.328002
137	2.13236211	0.00898313284	62.2531316	143	8.677224	34.525887	14.360575	48.357081
138	2.13205676	0.0165562172	62.6375787	144	8.654105	34.642234	14.314337	48.473393
139	2.13191736	0.0186701021	63.0849438	145	8.677224	34.729494	14.345162	48.589706
140	2.13174382	0.00631843744	63.4775007	146	8.642546	34.700407	14.329750	48.415237
141	2.13163496	0.00687252264	63.8648696	147	8.681077	34.758581	14.306631	48.357081
142	2.13145846	0.0101695918	64.2637806	148	8.692637	34.787667	14.329750	48.357081
143	2.13124457	0.0173862705	64.6723816	149	8.688784	34.729494	14.260394	48.240768
144	2.13105294	0.0106199108	65.0696666	150	8.681077	34.613147	14.271953	48.357081
145	2.1309214	0.00579763313	65.4730916	151	8.677224	34.584061	14.260394	48.357081
146	2.13076004	0.0076804468	65.8720555	152	8.677224	34.613147	14.287366	48.357081
147	2.13063233	0.00687489687	66.2744746	153	8.719609	34.642234	14.268100	48.328002
148	2.1304878	0.00902837776	66.6573887	154	8.650252	34.584061	14.298925	48.444315
149	2.13036105	0.00534104838	67.0499699	155	8.673371	34.554974	14.279659	48.386159
150	2.13024115	0.00702658217	67.4753859	156	8.708049	34.642234	14.287366	48.386159
151	2.13015771	0.00883926608	67.8723829	157	8.731168	34.671321	14.283513	48.357081
152	2.13006206	0.00583709533	68.3314469	158	8.719609	34.671321	14.291219	48.386159
153	2.12992243	0.00688725936	68.737298	159	8.742727	34.816754	14.287366	48.444315
154	2.12986284	0.0109523349	69.115386	160	8.719609	34.700407	14.252688	48.328002
155	2.12979637	0.00648809217	69.5261381	161	8.719609	34.700407	14.256541	48.298924
156	2.1296878	0.00462651203	69.940119	162	8.700343	34.700407	14.283513	48.240768
157	2.12963164	0.00510948198	70.334677	163	8.696490	34.642234	14.268100	48.066298
158	2.12954203	0.012280814	70.7050688	164	8.692637	34.554974	14.275806	48.095377
159	2.12943896	0.00645810955	71.0808799	165	8.688784	34.554974	14.279659	48.095377
160	2.12939596	0.00431006798	71.4750078	166	8.684930	34.584061	14.291219	48.124455
161	2.12933462	0.0043424838	71.9271967	167	8.688784	34.613147	14.283513	48.066298
162	2.12926537	0.00696023382	72.3016758	168	8.681077	34.642234	14.268100	48.124455
163	2.12918027	0.0066212452	72.6840868	169	8.657959	34.584061	14.252688	48.153533
164	2.12910885	0.00437081747	73.0643859	170	8.646399	34.584061	14.229569	48.153533
165	2.12903658	0.00463238722	73.4399478	171	8.654105	34.525887	14.275806	48.066298
166	2.12899105	0.00401279287	73.8261337	172	8.669518	34.554974	14.279659	48.153533
167	2.12894406	0.00333625521	74.2099359	173	8.673371	34.613147	14.256541	48.153533
168	2.12889357	0.00476174383	74.6392069	174	8.688784	34.613147	14.264247	48.095377
169	2.12885068	0.0061010683	75.0432718	175	8.673371	34.554974	14.268100	48.124455
170	2.12880309	0.00437251948	75.4279988	176	8.657959	34.554974	14.256541	48.211689
171	2.12874432	0.00371427098	75.8325539	177	8.654105	34.496800	14.256541	48.211689
172	2.12872927	0.00890930458	76.2072449	178	8.654105	34.496800	14.248834	48.095377
173	2.12867736	0.0034305698	76.5800478	179	8.677224	34.554974	14.241128	48.095377
174	2.12865459	0.00238293431	76.9974959	180	8.677224	34.554974	14.244981	48.095377
175	2.12862674	0.00319732942	77.3877349	181	8.677224	34.584061	14.252688	48.124455
176	2.12858754	0.00518123667	77.8363807	182	8.665665	34.525887	14.233422	48.008142
177	2.12854515	0.00550403022	78.2262137	183	8.646399	34.409540	14.268100	48.124455
178	2.12850468	0.00283857874	78.6135466	184	8.642546	34.409540	14.264247	48.095377
179	2.12845651	0.00346377564	79.0028965	185	8.654105	34.438627	14.252688	48.037220
180	2.12842819	0.00347105651	79.4752464	186	8.657959	34.467714	14.256541	48.037220
181	2.12839238	0.00488853234	79.9826465	187	8.646399	34.409540	14.248834	48.095377
182	2.12836164	0.00300526545	80.3680894	188	8.661812	34.409540	14.229569	48.037220
183	2.12833996	0.00261096757	80.7735896	189	8.650252	34.496800	14.237275	48.037220
184	2.1283174	0.00385587474	81.1439016	190	8.654105	34.496800	14.244981	48.066298
185	2.1282952	0.00466157117	81.5430217	191	8.665665	34.438627	14.225716	48.095377
186	2.12827305	0.00251575292	81.9229128	192	8.657959	34.467714	14.233422	48.124455
187	2.12825475	0.00233304159	82.3674738	193	8.654105	34.467714	14.225716	48.037220
188	2.12823547	0.00311856329	82.7427788	194	8.638693	34.467714	14.225716	48.037220
189	2.12821402	0.00400846004	83.2524638	195	8.627134	34.438627	14.233422	48.095377
190	2.12819543	0.00195249267	83.6525118	196	8.638693	34.467714	14.237275	48.124455
191	2.12817938	0.00222291991	84.0551467	197	8.650252	34.525887	14.229569	48.095377
192	2.12816412	0.00271439321	84.4577749	198	8.638693	34.525887	14.225716	48.095377
193	2.12814546	0.00406934411	84.8945649	199	8.661812	34.584061	14.229569	48.124455
194	2.12812647	0.00253559709	85.3854918	200	8.661812	34.554974	14.229569	48.095377
195	2.12811246	0.00195809729	85.7801058	201	8.646399	34.496800	14.229569	48.095377
196	2.12809918	0.00210334142	86.2805879	202	8.650252	34.525887	14.244981	48.124455
197	2.12809317	0.00517896274	86.9248619	203	8.657959	34.554974	14.241128	48.066298
198	2.12807866	0.00181898242	87.3702488	204	8.657959	34.525887	14.241128	48.124455
199	2.1280718	0.00135068807	87.8207426	205	8.646399	34.525887	14.248834	48.095377
200	2.12806372	0.00181394223	88.2372317	206	8.654105	34.496800	14.248834	48.095377
201	2.12805234	0.00288599272	88.7909358	207	8.654105	34.496800	14.241128	48.095377
202	2.12803928	0.00220153998	89.3284676	208	8.673371	34.525887	14.264247	48.124455
203	2.12803022	0.00148794701	89.7202384	209	8.669518	34.496800	14.264247	48.124455
204	2.12802068	0.00248643861	90.1057374	210	8.684930	34.525887	14.248834	48.095377
205	2.12801425	0.00182941326	90.5053084	211	8.669518	34.525887	14.241128	48.095377
206	2.12800933	0.00154526833	90.8803115	212	8.654105	34.525887	14.241128	48.095377
207	2.12799496	0.00286346969	91.2836225	213	8.646399	34.467714	14.264247	48.124455
208	2.12799142	0.00382174577	91.6792367	214	8.642546	34.438627	14.252688	48.066298
209	2.12798421	0.00130267362	92.0805595	215	8.638693	34.438627	14.241128	48.008142
210	2.12798053	0.000858744398	92.5598655	216	8.638693	34.467714	14.241128	48.008142
211	2.12797575	0.00140306231	93.0221794	217	8.638693	34.467714	14.244981	47.979064
212	2.12797305	0.00282529688	93.3921633	218	8.634840	34.438627	14.248834	48.037220
213	2.12796844	0.00120299407	93.7755613	219	8.646399	34.467714	14.244981	48.008142
214	2.12796373	0.00111601085	94.1476274	220	8.646399	34.496800	14.244981	48.008142
215	2.12795855	0.00162684201	94.5182383	221	8.650252	34.496800	14.248834	48.008142
216	2.12795008	0.00192719174	94.9021854	222	8.657959	34.467714	14.233422	48.008142
217	2.12794636	0.00215631971	95.6409955	224	8.657959	34.467714	14.241128	47.979064
218	2.12794107	0.00103231084	96.0304487	225	8.646399	34.438627	14.241128	48.008142
219	2.12793717	0.000980366454	96.4202785	226	8.646399	34.438627	14.248834	48.066298
220	2.12793331	0.00181831911	96.8080354	227	8.650252	34.438627	14.248834	48.066298
221	2.12792983	0.000967521285	97.2704713	228	8.657959	34.496800	14.248834	48.066298
222	2.12792706	0.000883252898	97.7995484	229	8.657959	34.496800	14.237275	48.037220
223	2.12792384	0.00144374908	98.3608785	230	8.650252	34.496800	14.237275	48.037220
224	2.12792051	0.00114534721	98.8497634	231	8.657959	34.496800	14.237275	48.037220
225	2.12791782	0.000785322833	99.3181865	232	8.657959	34.496800	14.241128	48.037220
226	2.12791424	0.00104918834	99.7113755	233	8.654105	34.467714	14.241128	48.037220
227	2.12791207	0.00199084756	100.187545	234	8.654105	34.525887	14.252688	48.124455
228	2.12790953	0.000969533379	100.597108	235	8.650252	34.496800	14.252688	48.124455
229	2.12790716	0.000643820412	101.140749	236	8.665665	34.525887	14.233422	48.095377
230	2.12790578	0.000764080089	101.735654	237	8.665665	34.525887	14.233422	48.095377
231	2.1279038	0.00238637791	102.151527	238	8.657959	34.438627	14.241128	48.124455
232	2.12789983	0.000849584846	102.559793	239	8.665665	34.496800	14.229569	48.066298
233	2.12789846	0.000604915912	102.942263	240	8.661812	34.496800	14.233422	48.095377
234	2.12789643	0.000730036571	103.51462	241	8.665665	34.496800	14.229569	48.066298
235	2.12789494	0.00198187724	103.916268	242	8.665665	34.496800	14.233422	48.066298
236	2.12789257	0.000867428005	104.388331	243	8.654105	34.467714	14.233422	48.066298
237	2.12789086	0.000568422992	104.786093	244	8.650252	34.438627	14.237275	48.066298
238	2.12788967	0.000634542061	105.364225	245	8.650252	34.467714	14.237275	48.066298
239	2.12788822	0.00135549419	105.737403	246	8.665665	34.467714	14.256541	48.124455
240	2.12788639	0.000550042592	106.151032	247	8.650252	34.438627	14.244981	48.095377
241	2.1278855	0.000473296168	106.598257	248	8.654105	34.438627	14.244981	48.095377
242	2.12788411	0.00065690185	107.015204	249	8.654105	34.438627	14.237275	48.095377
243	2.1278833	0.000876989824	107.992585	251	8.646399	34.409540	14.244981	48.095377
244	2.12788225	0.000537120242	108.677104	252	8.642546	34.380454	14.233422	48.095377
245	2.12788112	0.000468173192	109.292471	253	8.646399	34.409540	14.229569	48.066298
246	2.12788038	0.000881478239	109.686886	254	8.646399	34.409540	14.233422	48.066298
247	2.12787958	0.000468668704	110.071892	255	8.654105	34.409540	14.237275	48.095377
248	2.12787873	0.000436317707	110.565473	256	8.654105	34.409540	14.241128	48.095377
249	2.12787802	0.000733882743	110.942349	257	8.657959	34.438627	14.237275	48.066298
250	2.12787727	0.000502333687	111.372805	258	8.657959	34.438627	14.241128	48.066298
251	2.12787664	0.000376802038	111.932965	259	8.665665	34.467714	14.241128	48.066298
252	2.12787595	0.000629750815	112.672534	260	8.665665	34.467714	14.233422	48.037220
253	2.12787525	0.000517197623	113.055308	261	8.661812	34.467714	14.233422	48.037220
254	2.12787464	0.000478077638	113.474734	262	8.654105	34.438627	14.225716	48.037220
255	2.1278739	0.000729496013	113.992553	263	8.654105	34.438627	14.221863	48.008142
256	2.12787345	0.000523575583	114.395123	264	8.657959	34.438627	14.225716	48.008142
257	2.12787313	0.000388981351	114.940711	265	8.657959	34.438627	14.225716	48.008142
258	2.12787234	0.000376011321	115.319433	266	8.654105	34.438627	14.233422	48.037220
259	2.12787198	0.000741494295	115.716176	267	8.654105	34.438627	14.237275	48.037220
260	2.12787152	0.000435912608	116.131718	268	8.654105	34.438627	14.237275	48.037220
261	2.12787095	0.000296662307	116.671005	269	8.654105	34.438627	14.237275	48.037220
262	2.12787067	0.0004002452	117.062095	270	8.654105	34.438627	14.229569	48.037220
263	2.12787014	0.000363785304	117.636196	271	8.657959	34.467714	14.233422	48.037220
264	2.12786994	0.00126769324	118.038271	272	8.669518	34.525887	14.233422	48.037220
265	2.12786923	0.000406034392	118.62989	273	8.661812	34.496800	14.233422	48.037220
266	2.12786889	0.000287828094	119.015991	274	8.661812	34.496800	14.233422	48.037220
267	2.12786845	0.000357189288	119.410875	275	8.669518	34.496800	14.233422	48.037220
268	2.127868	0.000897500151	119.864267	276	8.661812	34.438627	14.241128	48.037220
269	2.12786747	0.000318683961	120.245406	277	8.661812	34.438627	14.229569	48.008142
270	2.12786724	0.000235766861	120.642286	278	8.661812	34.438627	14.229569	48.008142
271	2.12786697	0.000330135921	121.144203	279	8.665665	34.467714	14.229569	48.008142
272	2.12786673	0.00058975027	121.541928	280	8.661812	34.438627	14.233422	48.037220
273	2.1278664	0.00030991135	121.982188	281	8.665665	34.467714	14.229569	48.037220
274	2.12786602	0.000316109771	122.371944	282	8.661812	34.438627	14.233422	48.037220
275	2.12786571	0.000375004284	122.985589	283	8.661812	34.438627	14.237275	48.037220
276	2.12786544	0.000647520279	123.858666	285	8.657959	34.438627	14.237275	48.066298
277	2.12786501	0.000310056701	124.264052	286	8.657959	34.438627	14.233422	48.066298
278	2.12786471	0.000222680891	124.640951	287	8.657959	34.438627	14.225716	48.037220
279	2.12786439	0.000315626611	125.031487	288	8.657959	34.438627	14.225716	48.037220
280	2.12786417	0.000578546219	125.416152	289	8.657959	34.438627	14.225716	48.008142
281	2.12786385	0.00030086093	125.804463	290	8.661812	34.467714	14.225716	48.008142
282	2.12786354	0.000272951543	126.196828	291	8.661812	34.467714	14.229569	48.008142
283	2.12786329	0.000311985072	126.662369	292	8.661812	34.467714	14.225716	47.979064
284	2.12786308	0.000582490565	127.410554	294	8.661812	34.467714	14.229569	48.037220
285	2.12786277	0.000316592761	127.793905	295	8.657959	34.467714	14.229569	48.037220
286	2.12786249	0.000216775375	128.181105	296	8.657959	34.467714	14.229569	48.037220
287	2.12786223	0.000368591644	128.579331	297	8.661812	34.467714	14.229569	48.037220
288	2.12786202	0.000485319273	128.958426	298	8.661812	34.467714	14.225716	48.008142
289	2.12786181	0.000254934689	129.374438	299	8.661812	34.467714	14.225716	48.008142
290	2.1278616	0.000227632789	129.753057	300	8.661812	34.467714	14.225716	48.008142
291	2.12786144	0.000280359635	130.139978	301	8.661812	34.467714	14.225716	48.008142
292	2.12786117	0.000441957028	130.523834	302	8.657959	34.467714	14.225716	48.008142
293	2.12786092	0.000237408956	130.89508	303	8.654105	34.467714	14.225716	48.008142
294	2.12786073	0.000233431127	131.261713	304	8.657959	34.467714	14.225716	48.008142
295	2.12786054	0.000292429311	131.724043	305	8.657959	34.467714	14.225716	48.037220
296	2.12786033	0.00036283364	132.111392	306	8.657959	34.467714	14.229569	48.037220
297	2.12786015	0.000224384152	132.479424	307	8.657959	34.467714	14.221863	47.979064
298	2.12785996	0.00022646691	132.85246	308	8.654105	34.467714	14.225716	47.979064
299	2.12785982	0.000284460566	133.226984	309	8.654105	34.467714	14.225716	47.979064
300	2.12785961	0.000216668204	133.596858	310	8.657959	34.467714	14.225716	47.979064
301	2.12785947	0.000379242338	133.996447	311	8.657959	34.467714	14.225716	47.979064
302	2.12785932	0.000211789912	134.376658	312	8.657959	34.467714	14.229569	48.008142
303	2.12785915	0.000205619781	134.740917	313	8.657959	34.467714	14.229569	48.008142
304	2.12785899	0.000360643467	135.1212	314	8.657959	34.467714	14.229569	48.008142
305	2.12785882	0.000264030191	135.504839	315	8.657959	34.467714	14.233422	48.037220
306	2.12785868	0.00019350067	135.892633	316	8.657959	34.467714	14.233422	48.037220
307	2.12785854	0.000207870023	136.264802	317	8.657959	34.467714	14.229569	48.037220
308	2.12785844	0.000217327717	136.63775	318	8.657959	34.467714	14.221863	48.008142
309	2.1278583	0.000174888556	137.016708	319	8.657959	34.467714	14.221863	48.008142
310	2.12785814	0.000352329732	137.389998	320	8.657959	34.467714	14.221863	48.037220
311	2.12785798	0.000185987813	137.772966	321	8.657959	34.467714	14.221863	48.037220
312	2.12785786	0.000188120614	138.147098	322	8.657959	34.467714	14.218009	48.008142
313	2.12785774	0.00025823163	138.531014	323	8.657959	34.467714	14.214156	47.979064
314	2.12785762	0.000273303689	138.906686	324	8.657959	34.467714	14.218009	48.008142
315	2.12785752	0.00017752676	139.281651	325	8.657959	34.467714	14.218009	48.008142
316	2.12785741	0.00015787174	139.668018	326	8.657959	34.467714	14.218009	48.008142
317	2.12785731	0.000265453726	140.03933	327	8.657959	34.467714	14.218009	48.008142
318	2.12785719	0.000176651231	140.41074	328	8.657959	34.467714	14.218009	48.008142
319	2.12785707	0.00022525501	140.780715	329	8.657959	34.467714	14.218009	48.008142
320	2.12785693	0.000178340633	141.155672	330	8.657959	34.467714	14.218009	48.008142
321	2.12785677	0.000224880796	141.638012	331	8.657959	34.467714	14.218009	48.008142
322	2.1278566	0.000285500137	142.022658	332	8.657959	34.467714	14.218009	48.008142
323	2.12785647	0.000224773456	142.39849	333	8.657959	34.467714	14.221863	48.008142
324	2.12785638	0.000172822649	142.772189	334	8.657959	34.467714	14.218009	47.979064
325	2.12785622	0.000181994636	143.143429	335	8.657959	34.467714	14.214156	47.979064
326	2.12785618	0.000492634332	143.532667	336	8.661812	34.467714	14.218009	48.008142
327	2.12785605	0.000183981678	143.903991	337	8.661812	34.467714	14.218009	48.008142
328	2.12785599	0.000128159885	144.284456	338	8.661812	34.467714	14.218009	48.008142
329	2.12785592	0.000153910004	144.664276	339	8.661812	34.467714	14.218009	48.008142
330	2.12785577	0.000187746558	145.035672	340	8.661812	34.467714	14.218009	48.008142
331	2.12785566	0.000281966684	145.768489	342	8.657959	34.438627	14.221863	48.008142
332	2.1278555	0.000161376654	146.155584	343	8.657959	34.438627	14.214156	47.979064
333	2.12785535	0.000162362869	146.53157	344	8.657959	34.438627	14.214156	47.979064
334	2.12785528	0.000523594964	146.922307	345	8.665665	34.467714	14.214156	47.979064
335	2.12785515	0.000174439603	147.299964	346	8.657959	34.438627	14.214156	47.979064
336	2.12785509	0.000139322764	147.671488	347	8.657959	34.438627	14.214156	47.979064
337	2.12785501	0.000176907512	148.095809	348	8.657959	34.438627	14.218009	48.008142
338	2.12785487	0.00018375769	148.466385	349	8.665665	34.467714	14.218009	48.008142
339	2.12785482	0.000294290868	149.213561	351	8.661812	34.467714	14.218009	48.008142
340	2.12785472	0.000142493218	149.581838	352	8.661812	34.467714	14.218009	48.008142
341	2.12785465	0.000124355704	149.960657	353	8.661812	34.467714	14.218009	48.008142
342	2.12785456	0.000359293515	150.33372	354	8.661812	34.467714	14.221863	48.008142
343	2.12785446	0.000171611671	150.707184	355	8.661812	34.467714	14.225716	48.008142
344	2.12785438	0.000182458387	151.111743	356	8.661812	34.467714	14.225716	48.008142
345	2.12785426	0.00022866574	151.494566	357	8.661812	34.467714	14.225716	48.008142
346	2.12785409	0.000358377463	151.875863	358	8.657959	34.438627	14.225716	48.008142
347	2.12785395	0.000238520872	152.264346	359	8.661812	34.438627	14.225716	48.008142
348	2.12785386	0.000124616534	152.695646	360	8.661812	34.438627	14.225716	48.008142
349	2.1278538	0.00012553093	153.08838	361	8.665665	34.467714	14.229569	48.008142
350	2.12785374	0.000187091313	153.467185	362	8.661812	34.467714	14.229569	48.008142
351	2.12785366	0.000146602276	153.833652	363	8.661812	34.467714	14.229569	48.008142
352	2.12785353	0.000210646441	154.219501	364	8.657959	34.438627	14.229569	48.008142
353	2.12785346	0.000254584087	154.621686	365	8.657959	34.438627	14.229569	48.008142
354	2.12785339	0.000126028527	155.048051	366	8.657959	34.438627	14.225716	48.008142
355	2.12785333	0.000139792262	155.441279	367	8.657959	34.438627	14.225716	48.008142
356	2.12785327	0.000164693471	155.820321	368	8.657959	34.438627	14.225716	48.008142
357	2.12785322	0.000502547416	156.196603	369	8.661812	34.438627	14.221863	48.008142
358	2.12785308	0.000150416068	156.566645	370	8.661812	34.438627	14.221863	48.008142
359	2.12785303	0.000108009758	156.937412	371	8.661812	34.438627	14.221863	48.008142
360	2.12785297	0.00013110204	157.306753	372	8.661812	34.438627	14.221863	48.008142
361	2.12785291	0.000415960748	157.67753	373	8.661812	34.438627	14.221863	48.008142
362	2.12785283	0.000175002736	158.041519	374	8.661812	34.438627	14.221863	48.008142
363	2.12785276	0.000108319835	158.441174	375	8.661812	34.438627	14.221863	48.008142
364	2.12785271	0.000149174899	158.81589	376	8.661812	34.438627	14.221863	48.008142
365	2.12785261	0.000209278974	159.214971	377	8.661812	34.438627	14.221863	48.008142
366	2.12785253	0.000268427307	159.996912	379	8.657959	34.438627	14.225716	48.008142
367	2.12785246	0.000141924452	160.3716	380	8.657959	34.438627	14.225716	48.008142
368	2.12785238	0.000128106821	160.734742	381	8.657959	34.438627	14.225716	48.008142
369	2.1278523	0.000166908644	161.106302	382	8.657959	34.438627	14.225716	48.008142
370	2.12785223	0.000463417515	161.470424	383	8.657959	34.438627	14.225716	48.008142
371	2.12785211	0.000184885026	161.916454	384	8.661812	34.438627	14.225716	48.008142
372	2.12785203	0.000138602643	162.313687	385	8.661812	34.438627	14.225716	48.008142
373	2.12785197	0.000153897829	162.695951	386	8.661812	34.438627	14.225716	48.008142
374	2.12785187	0.000409231377	163.087475	387	8.661812	34.438627	14.225716	48.008142
375	2.12785175	0.000184615511	163.471032	388	8.661812	34.438627	14.225716	48.008142
376	2.12785168	0.000113270202	163.856018	389	8.661812	34.438627	14.225716	48.008142
377	2.12785161	0.000140989308	164.252098	390	8.661812	34.438627	14.221863	48.008142
378	2.12785154	0.000379754735	164.619965	391	8.657959	34.438627	14.225716	48.008142
379	2.12785145	0.000164650661	164.993409	392	8.657959	34.438627	14.225716	48.008142
380	2.12785137	0.000125827534	165.374236	393	8.657959	34.438627	14.225716	48.008142
381	2.1278513	0.000166182017	165.75347	394	8.657959	34.438627	14.225716	48.008142
382	2.12785121	0.000337869836	166.136714	395	8.661812	34.438627	14.225716	48.008142
383	2.12785109	0.000173389873	166.511857	396	8.661812	34.438627	14.225716	48.008142
384	2.12785102	0.000111439575	166.891858	397	8.661812	34.438627	14.218009	48.008142
385	2.12785096	0.000135211287	167.27659	398	8.661812	34.438627	14.221863	48.008142
386	2.12785092	0.000394247897	167.655477	399	8.657959	34.438627	14.218009	48.008142
387	2.12785083	0.000167941456	168.03409	400	8.661812	34.438627	14.218009	48.008142
388	2.12785076	0.000118714932	168.415188	401	8.661812	34.438627	14.218009	48.008142
389	2.1278507	0.000151544245	168.81598	402	8.661812	34.438627	14.218009	48.008142
390	2.12785061	0.00029818311	169.186854	403	8.657959	34.438627	14.225716	48.008142
391	2.1278505	0.00020607495	169.557674	404	8.657959	34.438627	14.225716	48.008142
392	2.12785044	0.000113273122	169.935702	405	8.657959	34.438627	14.218009	48.008142
393	2.12785038	0.000140793349	170.349144	406	8.661812	34.438627	14.218009	48.008142
394	2.12785033	0.000185658973	170.718071	407	8.657959	34.438627	14.218009	48.008142
395	2.12785025	0.000146708021	171.091062	408	8.657959	34.438627	14.218009	48.008142
396	2.12785015	0.000364604112	171.48084	409	8.661812	34.438627	14.218009	48.008142
397	2.12785003	0.000173702045	171.84512	410	8.654105	34.438627	14.221863	48.008142
398	2.12784998	0.000122322678	172.210913	411	8.654105	34.438627	14.225716	48.008142
399	2.12784988	0.000115736348	172.595532	412	8.657959	34.438627	14.225716	48.008142
400	2.12784987	0.000482893177	172.996053	413	8.657959	34.438627	14.225716	48.008142
401	2.12784977	0.000153674854	173.370653	414	8.657959	34.438627	14.225716	48.008142
402	2.12784973	9.77198607e-05	173.821291	415	8.657959	34.438627	14.225716	48.008142
403	2.12784968	0.000138517095	174.255307	416	8.657959	34.438627	14.225716	48.008142
404	2.12784961	0.000153941294	174.618195	417	8.657959	34.438627	14.225716	48.008142
405	2.12784955	0.000278097165	174.995466	418	8.657959	34.438627	14.225716	48.008142
406	2.12784946	0.000108178698	175.362944	419	8.657959	34.438627	14.229569	48.008142
407	2.12784938	0.000157813863	175.734464	420	8.657959	34.438627	14.229569	48.008142
408	2.12784929	0.000168613293	176.112237	421	8.657959	34.438627	14.229569	48.008142
409	2.12784925	0.000439428475	176.487784	422	8.657959	34.438627	14.221863	47.979064
410	2.12784916	0.000100198522	176.863367	423	8.657959	34.438627	14.225716	48.008142
411	2.12784912	0.000115100714	177.249531	424	8.657959	34.438627	14.225716	48.008142
412	2.12784907	0.000143699937	177.630952	425	8.657959	34.438627	14.225716	48.008142
413	2.12784899	0.000273206804	178.030991	426	8.657959	34.438627	14.221863	48.008142
414	2.12784889	0.000160845589	178.415279	427	8.661812	34.438627	14.221863	48.008142
415	2.12784882	0.000113390832	178.832051	428	8.661812	34.438627	14.221863	48.008142
416	2.12784875	0.000163690383	179.203264	429	8.661812	34.438627	14.225716	48.008142
417	2.12784871	0.000170459236	179.569691	430	8.661812	34.438627	14.229569	48.037220
418	2.12784866	0.000104263919	179.938786	431	8.661812	34.438627	14.225716	48.008142
419	2.12784859	0.00011038051	180.316839	432	8.661812	34.438627	14.225716	48.008142
420	2.12784855	0.000211389738	180.769058	433	8.661812	34.438627	14.225716	48.008142
421	2.12784849	0.000123799826	181.171524	434	8.661812	34.438627	14.221863	48.008142
422	2.12784843	9.54195e-05	181.559681	435	8.661812	34.438627	14.221863	48.008142
423	2.12784839	0.000130809957	182.029172	436	8.661812	34.438627	14.225716	48.008142
424	2.12784835	8.3763087e-05	182.412714	437	8.661812	34.438627	14.225716	48.008142
425	2.12784831	0.000126099794	182.782192	438	8.661812	34.438627	14.225716	48.008142
426	2.12784826	0.000108890969	183.162235	439	8.661812	34.438627	14.225716	48.008142
427	2.12784822	0.000101618245	183.560868	440	8.661812	34.438627	14.229569	48.008142
428	2.12784817	0.000166588464	183.945528	441	8.661812	34.438627	14.229569	48.008142
429	2.12784813	0.000137431754	184.320532	442	8.657959	34.438627	14.225716	47.979064
430	2.12784811	9.64718107e-05	184.71924	443	8.657959	34.438627	14.221863	47.979064
431	2.12784807	8.94279532e-05	185.109138	444	8.657959	34.438627	14.221863	47.979064
432	2.12784805	0.000173849364	185.49869	445	8.657959	34.438627	14.221863	47.979064
433	2.12784803	9.30591036e-05	185.929206	446	8.657959	34.438627	14.221863	47.979064
434	2.127848	6.85157386e-05	186.364758	447	8.657959	34.438627	14.229569	48.008142
435	2.12784798	7.53477595e-05	186.754238	448	8.657959	34.438627	14.229569	48.008142
436	2.12784796	0.000142754144	187.126505	449	8.661812	34.467714	14.229569	48.008142
437	2.12784793	0.000105909724	187.510506	450	8.661812	34.467714	14.229569	48.008142
438	2.12784791	9.47665339e-05	187.892544	451	8.661812	34.467714	14.229569	48.008142
439	2.12784787	0.000132757085	188.285291	452	8.661812	34.467714	14.225716	48.008142
440	2.12784785	0.00016090335	188.706583	453	8.661812	34.467714	14.225716	48.008142
441	2.12784784	7.83352126e-05	189.090474	454	8.661812	34.467714	14.225716	48.008142
442	2.12784782	5.93314201e-05	189.463597	455	8.661812	34.467714	14.225716	48.008142
443	2.12784781	6.75431456e-05	189.841879	456	8.661812	34.467714	14.221863	48.008142
444	2.12784779	0.000104616042	190.236715	457	8.661812	34.467714	14.229569	48.008142
445	2.12784778	6.24584171e-05	190.627544	458	8.661812	34.467714	14.229569	48.008142
446	2.12784776	7.53669788e-05	191.027787	459	8.661812	34.467714	14.229569	48.008142
447	2.12784774	8.05712474e-05	191.407265	460	8.665665	34.467714	14.225716	48.008142
448	2.12784774	0.000146482492	191.822108	461	8.665665	34.467714	14.225716	48.008142
449	2.12784772	5.644417e-05	192.207068	462	8.665665	34.467714	14.225716	48.008142
450	2.12784771	4.62301132e-05	192.612256	463	8.665665	34.467714	14.225716	48.008142
451	2.1278477	5.58099611e-05	193.052471	464	8.665665	34.467714	14.225716	48.008142
452	2.12784769	0.000129033021	193.429555	465	8.665665	34.467714	14.225716	48.008142
453	2.12784768	4.27369052e-05	193.805227	466	8.665665	34.467714	14.225716	48.008142
Optimization converged with status CONVERGED_GTTOL.
Total CPU time: 138.54 seconds 
Total wallclock time: 193.805 seconds 
Objective/gradient CPU time: 135.89 seconds 
Objective/gradient wallclock time: 187.45 seconds 
