6 machines found
login-1.extreme.acer.uic.edu
login-1.extreme.acer.uic.edu
login-1.extreme.acer.uic.edu
login-1.extreme.acer.uic.edu
login-1.extreme.acer.uic.edu
login-1.extreme.acer.uic.edu
CRF loss
Parsing training data: ../data/train_petsc.txt
Parsing test data: ../data/test_petsc.txt
Data loading completed
====================  Summary of settings =================
Training data: ../data/train_petsc.txt
Test data: ../data/test_petsc.txt
loss: CRF, lambda: 1.000000e-04, Processors: 6
dim: 129, classes: 26
Train: #word=3438, #letter=25953
Test: #word=3439, #letter=26198
===========================================================
iter	func.val	gap time	feval.num	nfuncs	train_lett_err	train_word_err	test_lett_err	test_word_err
0	24.5949329	4.55704418	0.271440983	1	92.309174	100.000000	93.091357	100.000000
1	20.2607375	5.09781768	1.12380791	3	71.379031	100.000000	72.099565	100.000000
2	17.4237086	3.66111382	1.50993395	4	66.662814	99.825480	67.013447	99.883687
3	15.2976702	2.67229428	1.89302301	5	53.446615	97.673066	54.020730	97.702821
4	13.1970477	2.13494509	2.27577996	6	45.397449	96.160558	46.094864	95.347485
5	10.8561662	2.52542479	2.65847182	7	39.702539	91.855730	40.827650	92.294272
6	9.27208175	1.17395507	3.05906272	8	33.788001	87.056428	34.959350	87.641756
7	8.68055522	0.877850628	3.45531988	9	31.518514	84.293194	32.601241	85.199186
8	7.80125982	0.853216196	3.83960485	10	28.532347	80.453752	29.622780	81.942425
9	7.17733535	1.54357246	4.22354698	11	27.133665	77.254218	28.370516	78.016865
10	6.65408865	0.732757847	4.62594581	12	24.548222	72.833042	25.842870	74.411166
11	6.39179941	0.543846276	5.03899693	13	23.646592	71.931355	24.864178	73.044490
12	5.90240529	0.616735986	5.42360878	14	22.228644	69.371728	23.688976	72.055830
13	5.41772849	0.844458896	5.81048298	15	21.080415	67.219314	22.637075	70.485606
14	5.04153833	0.723752496	6.19704795	16	20.386853	65.823153	22.267175	69.962198
15	4.79228883	0.389108192	6.59388208	17	19.277155	63.699825	21.153624	67.374237
16	4.56300429	0.364228186	6.97927499	18	18.552768	61.140198	20.367588	65.164292
17	4.36119642	0.387010689	7.37090302	19	17.778292	58.842350	19.812738	63.506833
18	4.14852983	0.710746715	7.76230788	20	17.624167	58.464223	20.190344	63.332364
19	3.89724093	0.29262814	8.15096807	21	16.317959	55.090169	19.123030	61.064263
20	3.77817202	0.242128846	8.54169416	22	16.028975	54.246655	18.768543	60.715324
21	3.65674319	0.377522712	8.93042517	23	15.847879	53.519488	18.595153	60.860715
22	3.54935076	0.449958917	9.32234311	24	15.547336	53.083188	18.348553	60.104682
23	3.46183762	0.24398718	9.71363425	25	15.123492	52.006981	17.970947	59.435883
24	3.34341856	0.251489761	10.1323583	26	14.664971	50.378127	17.550958	58.127363
25	3.25702439	0.253213474	10.5192492	27	14.406812	50.232693	17.300505	57.313172
26	3.17579758	0.476815693	10.9011443	28	13.971410	48.342059	17.443070	56.528060
27	3.07344916	0.181235647	11.2903843	29	13.358764	46.829552	16.899780	55.684792
28	3.01783069	0.188529179	11.6787102	30	13.027396	46.218732	16.591531	54.608898
29	2.93606407	0.242609923	12.0706263	31	12.803915	45.869692	16.402728	54.259959
30	2.91746049	0.52478662	12.4771171	32	12.965746	45.782432	16.491350	53.794708
31	2.82717238	0.1822481	12.874347	33	12.518784	45.055265	16.071360	52.951439
32	2.79811604	0.123363096	13.2641361	34	12.268331	44.589878	16.005857	53.067752
33	2.75959548	0.171569727	13.646666	35	12.214388	44.182664	16.002004	52.951439
34	2.70455246	0.22872427	14.0280399	36	12.033291	43.862711	15.867144	52.398953
35	2.65906549	0.206380375	14.4312849	37	11.948522	43.862711	16.094478	53.125909
36	2.62468509	0.103042986	14.8397229	38	11.705776	42.902850	15.978885	52.922361
37	2.59355633	0.136514162	15.2349398	39	11.351289	41.826643	15.782376	52.311719
38	2.56085567	0.137535692	15.6354947	40	11.474589	41.681210	15.790082	51.933702
39	2.53288523	0.298113097	16.0378878	41	11.470736	41.273997	15.840173	51.323059
40	2.50353907	0.144204978	16.4438598	42	11.185605	40.779523	15.693754	50.799651
41	2.48967906	0.0963050836	16.8328667	43	11.127808	40.517743	15.477979	50.508869
42	2.47115347	0.0946868934	17.2253315	44	11.004508	40.226876	15.408623	50.625182
43	2.44295112	0.151010072	17.6143885	45	10.912033	40.314136	15.474126	50.596104
44	2.42005533	0.16250699	18.0026374	46	10.765615	40.546830	15.312295	50.683338
45	2.40171317	0.0794450304	18.3941305	47	10.592224	39.994183	15.231380	50.683338
46	2.38608189	0.0761223135	18.7827795	48	10.476631	39.732403	15.185142	50.625182
47	2.37300406	0.0855119169	19.2236056	49	10.461218	39.616056	15.177436	50.567025
48	2.36323977	0.19325859	19.6289666	50	10.495896	38.947062	15.154317	50.421634
49	2.34425332	0.077561175	20.0781608	51	10.310947	38.801629	15.088814	50.392556
50	2.33657744	0.0628479337	20.4875488	52	10.210766	38.772542	15.069549	50.218087
51	2.32661834	0.0824947528	20.8769519	53	10.114438	38.743455	15.042577	50.247165
52	2.31381945	0.164201878	21.2677779	54	10.187647	38.888889	15.011752	50.450712
53	2.30153307	0.0725086858	21.6582267	55	10.002697	38.510762	14.915424	50.218087
54	2.29403671	0.0556100469	22.0416207	56	9.968019	38.219895	14.900012	49.985461
55	2.28722829	0.0634085554	22.4303436	57	9.902516	37.929029	14.907718	50.130852
56	2.278963	0.122489322	22.8187838	58	9.871691	37.929029	14.880746	50.043617
57	2.26997461	0.0550542199	23.2148788	59	9.802335	37.289122	14.857627	50.072696
58	2.26416032	0.0500891872	23.6116288	60	9.790776	37.347295	14.838362	49.927304
59	2.2542555	0.0684087276	24.0041409	61	9.817747	37.521815	14.792124	49.752835
60	2.2491497	0.0813593444	24.772949	63	9.679035	37.201862	14.780565	49.578366
61	2.24295269	0.0544528649	25.162328	64	9.671329	37.056428	14.703502	49.491131
62	2.23593886	0.0466362866	25.557477	65	9.594267	36.794648	14.618734	49.113114
63	2.23252142	0.0785661717	25.947078	66	9.609679	37.056428	14.657265	49.200349
64	2.22879762	0.04298508	26.3487082	67	9.524910	36.852821	14.618734	48.967723
65	2.22390859	0.0512985252	26.7689891	68	9.532617	36.794648	14.518553	48.647863
66	2.21838227	0.0635773128	27.177505	69	9.555735	36.998255	14.526259	48.706019
67	2.21408409	0.0945676252	27.9539709	71	9.509498	36.852821	14.510847	48.589706
68	2.20805788	0.0463920916	28.3764319	72	9.555735	36.998255	14.495434	48.764176
69	2.20501641	0.0304342805	28.7751079	73	9.440142	36.823735	14.533965	48.793254
70	2.20170642	0.0400362141	29.1684537	74	9.478673	36.940081	14.510847	48.880489
71	2.19839606	0.0537906218	29.5739195	75	9.324548	36.503781	14.503140	48.706019
72	2.19453534	0.0519399756	29.9640646	76	9.282164	36.329261	14.483875	48.647863
73	2.1910458	0.0536509144	30.3507965	77	9.220514	36.329261	14.518553	48.676941
74	2.18862141	0.0372577787	30.7491276	78	9.185836	36.212914	14.537818	48.647863
75	2.18580585	0.0304284904	31.1623907	79	9.178130	36.242001	14.553231	48.647863
76	2.18282306	0.0438655213	31.6128597	80	9.039417	35.834788	14.522406	48.676941
77	2.17958212	0.040059459	32.0036259	81	8.977768	35.573008	14.587909	48.822332
78	2.17743722	0.0313745721	32.4090548	82	8.931530	35.485748	14.541671	48.764176
79	2.17506917	0.0312829621	32.8117118	83	8.981621	35.514834	14.506993	48.676941
80	2.17329259	0.0318812696	33.2050078	84	8.950796	35.456661	14.587909	48.880489
81	2.17110599	0.0309956196	33.6013796	85	8.989327	35.514834	14.564790	48.793254
82	2.16894709	0.0338005042	33.9920037	86	8.943089	35.427574	14.526259	48.822332
83	2.1671283	0.027843565	34.4080276	87	8.908411	35.427574	14.549378	48.822332
84	2.16537919	0.0248905734	34.8010147	88	8.854468	35.136707	14.591762	48.967723
85	2.16369814	0.0328539185	35.1913977	89	8.869880	35.165794	14.514700	48.938645
86	2.16216224	0.0274690091	35.5818715	90	8.839055	34.991274	14.449197	48.706019
87	2.16089334	0.0211728064	35.9714406	91	8.800524	34.758581	14.441490	48.589706
88	2.15969502	0.0279854509	36.3712144	92	8.823643	34.787667	14.526259	48.793254
89	2.15859759	0.0270586913	36.7624872	93	8.815937	34.845841	14.460756	48.531550
90	2.15757929	0.0187853395	37.1501184	94	8.769699	34.700407	14.503140	48.735097
91	2.15631142	0.0202315253	37.5457242	95	8.754287	34.671321	14.487728	48.822332
92	2.15563343	0.0433918799	37.9554431	96	8.754287	34.467714	14.514700	48.822332
93	2.15467069	0.0201457377	38.3562381	97	8.727315	34.467714	14.503140	48.735097
94	2.15372609	0.0170710711	38.7483711	98	8.758140	34.584061	14.437637	48.880489
95	2.15289962	0.0206126467	39.1364582	99	8.700343	34.438627	14.399106	48.851410
96	2.15149494	0.0355432554	39.5386181	100	8.765846	34.642234	14.333603	48.473393
97	2.15027188	0.0267565406	39.937017	101	8.742727	34.729494	14.387547	48.647863
98	2.14941582	0.0143956273	40.373637	102	8.708049	34.525887	14.368281	48.531550
99	2.14824494	0.0175660013	40.763576	103	8.700343	34.467714	14.375987	48.444315
100	2.14756118	0.0284110609	41.1501021	104	8.719609	34.729494	14.399106	48.706019
101	2.14667305	0.0185280544	41.5454652	105	8.696490	34.613147	14.364428	48.502472
102	2.14592459	0.021726656	41.9335473	106	8.692637	34.671321	14.395253	48.502472
103	2.1453374	0.0149614191	42.3188412	107	8.719609	34.729494	14.322044	48.444315
104	2.14489613	0.0144921997	42.7076721	108	8.692637	34.642234	14.345162	48.415237
105	2.14388076	0.0227767626	43.0974722	109	8.673371	34.613147	14.352869	48.444315
106	2.14340182	0.0177455738	43.8900261	111	8.684930	34.642234	14.368281	48.560628
107	2.14300487	0.0125934014	44.299355	112	8.677224	34.642234	14.375987	48.560628
108	2.14230513	0.0163801475	44.6901371	113	8.684930	34.729494	14.345162	48.386159
109	2.14214669	0.0388857034	45.0922532	114	8.669518	34.758581	14.310484	48.357081
110	2.14166149	0.0149482152	45.5362401	115	8.661812	34.613147	14.310484	48.328002
111	2.14131087	0.01067736	45.9444821	116	8.711902	34.758581	14.318191	48.444315
112	2.14090971	0.0153393628	46.3291421	117	8.704196	34.758581	14.314337	48.415237
113	2.14019118	0.0185738942	46.7554171	118	8.715755	34.758581	14.279659	48.240768
114	2.13981822	0.0297176488	47.5299411	120	8.681077	34.525887	14.302778	48.298924
115	2.13909242	0.0157308078	47.9166949	121	8.719609	34.729494	14.337456	48.182611
116	2.13863013	0.00920722828	48.3061569	122	8.750433	34.874927	14.298925	48.124455
117	2.13814495	0.0123532629	48.6967099	123	8.708049	34.642234	14.333603	48.211689
118	2.13788095	0.0337126909	49.090328	124	8.731168	34.671321	14.302778	48.211689
119	2.13749978	0.0165084578	49.480768	125	8.719609	34.613147	14.322044	48.298924
120	2.1370385	0.0111588235	49.9148221	126	8.719609	34.554974	14.349016	48.328002
121	2.13678635	0.0128911099	50.3244991	127	8.696490	34.554974	14.383694	48.415237
122	2.13640068	0.0289286096	50.752162	128	8.758140	34.671321	14.395253	48.444315
123	2.13594495	0.0125833058	51.146436	129	8.788965	34.700407	14.410665	48.473393
124	2.13573946	0.00850152411	51.551218	130	8.777405	34.671321	14.395253	48.386159
125	2.13543693	0.0106389001	51.999809	131	8.765846	34.584061	14.379840	48.386159
126	2.13517989	0.0205999888	52.401041	132	8.785112	34.700407	14.329750	48.066298
127	2.13483595	0.00904018956	52.811089	133	8.819790	34.787667	14.379840	48.298924
128	2.13459548	0.00769354968	53.212075	134	8.746580	34.642234	14.372134	48.298924
129	2.13435592	0.008585235	53.6155999	135	8.727315	34.671321	14.402959	48.415237
130	2.13421959	0.0299119808	54.0204089	136	8.761993	34.787667	14.399106	48.560628
131	2.13374418	0.00992602444	54.4328799	137	8.738874	34.729494	14.345162	48.415237
132	2.13349969	0.00748787918	54.816097	138	8.754287	34.816754	14.364428	48.328002
133	2.13324293	0.00947650524	55.2038682	139	8.761993	34.816754	14.375987	48.269846
134	2.13307296	0.0257943847	55.6032031	140	8.746580	34.642234	14.352869	48.182611
135	2.13276281	0.00998320488	56.0113671	141	8.711902	34.554974	14.352869	48.269846
136	2.13255727	0.00716309955	56.428303	142	8.677224	34.584061	14.364428	48.328002
137	2.13237379	0.0090848881	56.820647	143	8.677224	34.525887	14.352869	48.357081
138	2.13207509	0.0168866203	57.2105598	144	8.657959	34.671321	14.314337	48.473393
139	2.13191898	0.0176150304	57.6107669	145	8.681077	34.758581	14.352869	48.589706
140	2.13175852	0.00637287463	58.0245309	146	8.646399	34.700407	14.322044	48.386159
141	2.13164149	0.00720225698	58.4148798	147	8.684930	34.787667	14.302778	48.357081
142	2.13146781	0.0102593473	58.8068268	148	8.692637	34.787667	14.325897	48.328002
143	2.13125254	0.0185211255	59.228446	149	8.688784	34.729494	14.264247	48.298924
144	2.13105808	0.0103781031	59.658041	150	8.684930	34.613147	14.279659	48.357081
145	2.13093071	0.00590407671	60.061245	151	8.677224	34.584061	14.260394	48.357081
146	2.13077745	0.00792886314	60.470082	152	8.665665	34.584061	14.283513	48.328002
147	2.13065416	0.00804279644	60.8604281	153	8.708049	34.584061	14.275806	48.357081
148	2.13050879	0.00689734253	61.2666881	154	8.692637	34.700407	14.302778	48.415237
149	2.13037759	0.00513958532	61.6862531	155	8.692637	34.613147	14.275806	48.386159
150	2.13024229	0.0146603089	62.106905	156	8.735021	34.729494	14.291219	48.298924
151	2.13012083	0.00578380941	62.5088139	157	8.742727	34.700407	14.264247	48.357081
152	2.13005878	0.00466426627	62.9029279	158	8.719609	34.700407	14.283513	48.386159
153	2.12992105	0.00693790612	63.2897968	159	8.742727	34.729494	14.283513	48.386159
154	2.12985094	0.00881153543	64.1020198	161	8.727315	34.729494	14.275806	48.357081
155	2.12978335	0.00627931038	64.5149989	162	8.727315	34.729494	14.256541	48.240768
156	2.12965816	0.00548219301	64.910599	163	8.696490	34.613147	14.252688	48.095377
157	2.12960497	0.00876901336	65.3036721	164	8.711902	34.729494	14.275806	48.182611
158	2.12954597	0.00557380782	65.6890981	165	8.688784	34.584061	14.271953	48.124455
159	2.12941643	0.00449720556	66.0872819	166	8.692637	34.613147	14.306631	48.153533
160	2.1293515	0.00528815393	66.4784081	167	8.692637	34.613147	14.291219	48.095377
161	2.12930013	0.01407646	66.8644102	168	8.650252	34.467714	14.260394	48.153533
162	2.12917428	0.00405661936	67.2677133	169	8.669518	34.554974	14.314337	48.211689
163	2.12914993	0.00336892533	67.7101283	170	8.688784	34.584061	14.298925	48.211689
164	2.12908374	0.00400932561	68.1190152	171	8.700343	34.671321	14.264247	48.211689
165	2.12903704	0.00569075174	68.9725552	173	8.704196	34.700407	14.271953	48.182611
166	2.12898892	0.00356497593	69.3625183	174	8.688784	34.671321	14.275806	48.240768
167	2.12894326	0.00344613783	69.7491424	175	8.704196	34.700407	14.291219	48.240768
168	2.12890767	0.00474397551	70.1595376	176	8.669518	34.700407	14.241128	48.182611
169	2.12886645	0.0031751707	70.5578177	177	8.661812	34.700407	14.241128	48.153533
170	2.12880514	0.00438144716	70.9816256	178	8.665665	34.671321	14.256541	48.182611
171	2.12876273	0.00584728317	71.3661156	179	8.704196	34.671321	14.256541	48.153533
172	2.12872471	0.00357509459	71.7525117	180	8.688784	34.584061	14.248834	48.153533
173	2.12867122	0.00344318554	72.1388958	181	8.711902	34.671321	14.241128	48.124455
174	2.12863486	0.004452312	72.5473957	182	8.692637	34.613147	14.248834	48.153533
175	2.12859647	0.00295111156	72.9524887	183	8.684930	34.554974	14.248834	48.066298
176	2.12856604	0.00309831162	73.3749597	184	8.684930	34.613147	14.268100	48.095377
177	2.12853777	0.00313219804	73.7753699	185	8.681077	34.554974	14.264247	48.095377
178	2.12850398	0.00353044649	74.1635437	186	8.654105	34.496800	14.264247	48.066298
179	2.128472	0.00485695465	74.5563698	187	8.642546	34.496800	14.252688	48.037220
180	2.12844179	0.00304726427	74.9594798	188	8.638693	34.496800	14.248834	48.037220
181	2.12840539	0.00314888351	75.3648047	189	8.642546	34.496800	14.252688	48.037220
182	2.12838125	0.00434552414	75.7881777	190	8.638693	34.525887	14.260394	48.095377
183	2.12835402	0.00304058671	76.1901078	191	8.654105	34.496800	14.264247	48.153533
184	2.12832698	0.00342567847	76.6041539	192	8.646399	34.467714	14.268100	48.182611
185	2.12830742	0.00357685258	76.9968498	193	8.627134	34.438627	14.256541	48.153533
186	2.12829153	0.00248222469	77.3906028	194	8.634840	34.438627	14.244981	48.153533
187	2.12826623	0.00227422071	77.7792647	195	8.646399	34.409540	14.237275	48.095377
188	2.12824747	0.00568486633	78.1964195	196	8.654105	34.554974	14.210303	48.008142
189	2.12822345	0.00311950232	78.5838153	197	8.654105	34.496800	14.233422	48.066298
190	2.12820336	0.00219210448	79.0122154	198	8.646399	34.496800	14.244981	48.124455
191	2.12819092	0.00294920796	79.4046934	199	8.642546	34.467714	14.248834	48.153533
192	2.12817459	0.0023604253	79.7872624	200	8.642546	34.438627	14.241128	48.124455
193	2.12815499	0.0028976788	80.1766064	201	8.661812	34.496800	14.248834	48.182611
194	2.12813692	0.00350588696	80.5983906	202	8.654105	34.525887	14.237275	48.124455
195	2.12811978	0.00218416058	81.0390406	203	8.650252	34.496800	14.244981	48.153533
196	2.12810728	0.001718837	81.4294035	204	8.657959	34.554974	14.233422	48.066298
197	2.12809663	0.0027886922	81.8379576	205	8.657959	34.584061	14.237275	48.095377
198	2.12808502	0.00214819452	82.2508156	206	8.657959	34.525887	14.241128	48.066298
199	2.12807602	0.0016981149	82.6864986	207	8.657959	34.525887	14.248834	48.095377
200	2.12806599	0.00159314647	83.1244016	208	8.677224	34.554974	14.244981	48.066298
201	2.12805673	0.00198728352	83.5135117	209	8.657959	34.467714	14.256541	48.095377
202	2.12804627	0.00192403849	83.9039807	210	8.665665	34.496800	14.256541	48.095377
203	2.12803739	0.00209150353	84.2990937	211	8.657959	34.525887	14.244981	48.066298
204	2.12802778	0.00153383259	84.6951797	212	8.657959	34.525887	14.241128	48.066298
205	2.12801894	0.00179976799	85.0909789	213	8.650252	34.496800	14.248834	48.095377
206	2.12801101	0.00213700952	85.479727	214	8.642546	34.496800	14.275806	48.124455
207	2.12800407	0.00140361819	85.9552259	215	8.646399	34.496800	14.264247	48.066298
208	2.12799751	0.00123013645	86.370944	216	8.650252	34.467714	14.264247	48.066298
209	2.12799318	0.00219085071	86.7615931	217	8.638693	34.438627	14.244981	48.008142
210	2.12798826	0.00112954517	87.14873	218	8.642546	34.467714	14.248834	48.037220
211	2.1279834	0.00117789979	87.587373	219	8.642546	34.467714	14.244981	48.008142
212	2.12797881	0.0014249042	88.0356979	220	8.646399	34.496800	14.241128	48.008142
213	2.127973	0.00266869812	88.4429638	221	8.650252	34.496800	14.248834	48.066298
214	2.12796606	0.00124623987	88.8564408	222	8.650252	34.496800	14.248834	48.066298
215	2.12796195	0.00114653547	89.2545459	223	8.650252	34.496800	14.248834	48.066298
216	2.12795659	0.00122946889	89.6658409	224	8.657959	34.496800	14.244981	48.037220
217	2.12795255	0.00307432148	90.0899148	225	8.654105	34.496800	14.256541	48.066298
218	2.12794653	0.00127174298	90.5071168	226	8.657959	34.525887	14.244981	48.037220
219	2.12794345	0.00088647027	90.8948109	227	8.657959	34.525887	14.237275	48.037220
220	2.12794082	0.00103081883	91.3137107	228	8.654105	34.496800	14.233422	48.037220
221	2.12793594	0.00127261173	91.7465856	229	8.654105	34.496800	14.233422	48.037220
222	2.12793505	0.00305702729	92.1310387	230	8.669518	34.525887	14.237275	48.066298
223	2.12792964	0.000934854789	92.5233176	231	8.673371	34.525887	14.237275	48.037220
224	2.12792751	0.000853117482	92.9137676	232	8.661812	34.496800	14.233422	48.037220
225	2.12792386	0.00122062028	93.2975206	233	8.654105	34.496800	14.237275	48.066298
226	2.12791934	0.00195346071	93.7003896	234	8.654105	34.496800	14.221863	48.037220
227	2.12791528	0.00140149848	94.1149766	235	8.657959	34.496800	14.218009	48.037220
228	2.12791267	0.000789269369	94.5913198	236	8.657959	34.496800	14.229569	48.095377
229	2.12791002	0.000819233925	95.0222158	237	8.657959	34.467714	14.229569	48.095377
230	2.1279083	0.00105212429	95.4127147	238	8.650252	34.438627	14.241128	48.124455
231	2.12790589	0.000782018247	95.8145037	239	8.665665	34.467714	14.225716	48.066298
232	2.12790271	0.000868090515	96.2046638	240	8.665665	34.467714	14.237275	48.066298
233	2.12790216	0.00252751094	96.6200719	241	8.677224	34.525887	14.233422	48.066298
234	2.12789836	0.00075890398	97.0166547	242	8.677224	34.496800	14.229569	48.066298
235	2.12789715	0.000580315751	97.4506977	243	8.677224	34.496800	14.229569	48.066298
236	2.12789547	0.00076750241	97.8508837	244	8.681077	34.496800	14.233422	48.066298
237	2.12789363	0.00164793573	98.2582948	245	8.677224	34.496800	14.244981	48.066298
238	2.12789157	0.000794545814	98.6880329	246	8.654105	34.438627	14.237275	48.066298
239	2.12789034	0.000512572803	99.0746379	247	8.650252	34.438627	14.237275	48.066298
240	2.12788917	0.000650971271	99.4700251	248	8.654105	34.438627	14.237275	48.066298
241	2.12788811	0.00089979507	99.8616121	249	8.657959	34.438627	14.233422	48.066298
242	2.12788689	0.000617506143	100.251891	250	8.657959	34.438627	14.241128	48.066298
243	2.12788497	0.000643942873	100.642978	251	8.654105	34.438627	14.237275	48.095377
244	2.1278839	0.00105932393	101.100554	252	8.657959	34.438627	14.237275	48.095377
245	2.12788262	0.000603891307	101.581156	253	8.654105	34.438627	14.244981	48.095377
246	2.12788132	0.000504977239	101.983886	254	8.654105	34.438627	14.237275	48.066298
247	2.12788063	0.000768289132	102.385821	255	8.657959	34.438627	14.237275	48.066298
248	2.12787986	0.000478872564	102.781816	256	8.657959	34.438627	14.252688	48.095377
249	2.12787888	0.000550311224	103.170651	257	8.661812	34.467714	14.244981	48.066298
250	2.12787802	0.000947919313	103.560114	258	8.661812	34.467714	14.244981	48.066298
251	2.12787711	0.000515461346	103.96697	259	8.661812	34.467714	14.237275	48.066298
252	2.12787616	0.000493833258	104.365754	260	8.665665	34.467714	14.229569	48.037220
253	2.12787545	0.000690890407	104.761412	261	8.665665	34.467714	14.241128	48.095377
254	2.12787476	0.000498581687	105.1492	262	8.661812	34.467714	14.225716	48.008142
255	2.12787425	0.00037210377	105.538186	263	8.657959	34.467714	14.225716	48.008142
256	2.12787356	0.000491500271	105.929353	264	8.657959	34.467714	14.237275	48.037220
257	2.12787296	0.000670572139	106.322933	265	8.657959	34.467714	14.229569	48.037220
258	2.12787229	0.000501259377	106.729257	266	8.657959	34.467714	14.229569	48.037220
259	2.12787159	0.000597278396	107.13531	267	8.657959	34.467714	14.229569	48.037220
260	2.12787119	0.00048676635	107.553757	268	8.657959	34.467714	14.229569	48.037220
261	2.12787091	0.000346855744	107.946993	269	8.657959	34.467714	14.229569	48.037220
262	2.1278704	0.000305996837	108.333305	270	8.657959	34.467714	14.229569	48.037220
263	2.1278699	0.000518944465	108.76035	271	8.657959	34.467714	14.229569	48.037220
264	2.12786912	0.000509361088	109.236711	272	8.657959	34.467714	14.233422	48.066298
265	2.12786872	0.000833102133	109.638111	273	8.650252	34.438627	14.229569	48.008142
266	2.12786821	0.000376430224	110.046298	274	8.657959	34.467714	14.229569	48.008142
267	2.12786771	0.000329506295	110.43433	275	8.657959	34.467714	14.229569	48.008142
268	2.12786728	0.000416061435	110.819236	276	8.657959	34.467714	14.229569	48.008142
269	2.12786691	0.000939118891	111.207403	277	8.657959	34.438627	14.233422	48.008142
270	2.12786625	0.000369348171	111.591439	278	8.661812	34.438627	14.229569	48.008142
271	2.12786587	0.000304109401	111.98355	279	8.661812	34.438627	14.229569	48.008142
272	2.12786553	0.000362215453	112.372745	280	8.661812	34.438627	14.233422	48.008142
273	2.12786529	0.00123255475	112.761632	281	8.657959	34.409540	14.244981	48.066298
274	2.12786467	0.000382254464	113.151904	282	8.661812	34.438627	14.237275	48.008142
275	2.1278644	0.000239965365	113.541144	283	8.661812	34.438627	14.237275	48.008142
276	2.12786415	0.000298544531	113.926748	284	8.661812	34.438627	14.229569	48.008142
277	2.12786374	0.000453298322	114.313476	285	8.661812	34.438627	14.229569	48.008142
278	2.1278634	0.000614083963	114.715897	286	8.657959	34.438627	14.233422	48.037220
279	2.1278631	0.000233224025	115.108284	287	8.657959	34.438627	14.233422	48.037220
280	2.12786289	0.00029059395	115.496346	288	8.657959	34.438627	14.233422	48.037220
281	2.12786262	0.000334299134	115.891724	289	8.657959	34.438627	14.233422	48.037220
282	2.12786252	0.0011246496	116.276971	290	8.657959	34.438627	14.237275	48.066298
283	2.12786206	0.000332457843	116.665824	291	8.657959	34.438627	14.233422	48.037220
284	2.1278619	0.00019982767	117.053689	292	8.657959	34.438627	14.233422	48.037220
285	2.12786173	0.000257642687	117.444819	293	8.661812	34.467714	14.229569	48.037220
286	2.12786145	0.000325999854	117.831171	294	8.661812	34.467714	14.229569	48.037220
287	2.12786127	0.00044791478	118.592891	296	8.657959	34.467714	14.225716	48.008142
288	2.127861	0.000201704111	118.99506	297	8.657959	34.467714	14.233422	48.037220
289	2.12786082	0.000187515596	119.379125	298	8.661812	34.467714	14.233422	48.037220
290	2.12786047	0.000333066717	119.788538	299	8.665665	34.467714	14.229569	48.008142
291	2.12786028	0.000333711944	120.619809	301	8.657959	34.467714	14.229569	48.008142
292	2.12786008	0.000228648936	121.008147	302	8.665665	34.467714	14.229569	48.008142
293	2.12785984	0.000245977889	121.406937	303	8.665665	34.467714	14.229569	48.008142
294	2.12785967	0.000399117552	121.809147	304	8.661812	34.467714	14.229569	48.008142
295	2.1278595	0.000210010954	122.215093	305	8.657959	34.467714	14.229569	48.008142
296	2.12785934	0.0002138179	122.606714	306	8.657959	34.467714	14.229569	48.008142
297	2.1278592	0.000236012622	122.998404	307	8.657959	34.467714	14.233422	48.037220
298	2.12785913	0.000760297902	123.388342	308	8.657959	34.467714	14.225716	47.979064
299	2.12785884	0.000191240549	123.81122	309	8.657959	34.467714	14.225716	47.979064
300	2.12785876	0.000153036697	124.220732	310	8.657959	34.467714	14.225716	47.979064
301	2.12785866	0.000181570419	124.607104	311	8.657959	34.467714	14.225716	47.979064
302	2.12785856	0.000446979403	124.992385	312	8.661812	34.467714	14.221863	47.979064
303	2.12785841	0.000208961002	125.391834	313	8.661812	34.467714	14.221863	47.979064
304	2.12785829	0.000150671558	125.781296	314	8.657959	34.467714	14.221863	47.979064
305	2.12785819	0.000188220556	126.16707	315	8.657959	34.467714	14.221863	47.979064
306	2.12785808	0.000461967525	126.570656	316	8.657959	34.467714	14.221863	47.979064
307	2.12785792	0.000174108941	126.969225	317	8.657959	34.467714	14.225716	48.008142
308	2.12785784	0.000151747209	127.359563	318	8.657959	34.467714	14.221863	48.008142
309	2.12785773	0.000176942973	127.746337	319	8.657959	34.467714	14.221863	48.008142
310	2.12785761	0.000396233728	128.133521	320	8.657959	34.467714	14.221863	48.008142
311	2.12785746	0.000211716634	128.51789	321	8.657959	34.467714	14.221863	48.008142
312	2.12785736	0.000140752219	128.904942	322	8.657959	34.467714	14.218009	48.008142
313	2.12785727	0.00019490121	129.351429	323	8.657959	34.467714	14.225716	48.037220
314	2.1278572	0.000305977053	129.763592	324	8.657959	34.467714	14.221863	48.008142
315	2.12785711	0.000166836889	130.16447	325	8.657959	34.467714	14.221863	48.008142
316	2.127857	0.000166006457	130.592353	326	8.657959	34.467714	14.225716	48.037220
317	2.12785691	0.000191889621	130.988173	327	8.657959	34.467714	14.225716	48.037220
318	2.12785682	0.000365255028	131.823283	329	8.657959	34.467714	14.221863	48.037220
319	2.12785668	0.000181302356	132.24453	330	8.657959	34.467714	14.218009	48.008142
320	2.12785659	0.000136757184	132.671865	331	8.657959	34.467714	14.218009	48.008142
321	2.12785651	0.000185912086	133.059768	332	8.661812	34.467714	14.218009	48.008142
322	2.12785643	0.000195431721	133.458863	333	8.661812	34.467714	14.218009	48.008142
323	2.12785635	0.000171502612	133.854486	334	8.661812	34.467714	14.218009	47.979064
324	2.12785623	0.000254951363	134.266831	335	8.661812	34.467714	14.221863	47.979064
325	2.12785612	0.000197013566	134.652474	336	8.661812	34.467714	14.221863	47.979064
326	2.12785603	0.000183211297	135.041487	337	8.661812	34.467714	14.221863	47.979064
327	2.12785593	0.000241479638	135.435133	338	8.661812	34.467714	14.221863	47.979064
328	2.12785585	0.000234756465	135.823462	339	8.661812	34.467714	14.218009	47.979064
329	2.12785579	0.000140023174	136.230767	340	8.661812	34.467714	14.214156	47.979064
330	2.1278557	0.000128519106	136.64005	341	8.661812	34.467714	14.225716	48.008142
331	2.12785564	0.000189319583	137.031444	342	8.661812	34.467714	14.221863	47.979064
332	2.12785552	0.000168931949	137.447633	343	8.661812	34.467714	14.225716	48.008142
333	2.12785541	0.000387902552	137.854741	344	8.661812	34.467714	14.225716	48.008142
334	2.12785528	0.000180854568	138.244237	345	8.661812	34.467714	14.229569	48.037220
335	2.1278552	0.000140093408	138.632656	346	8.661812	34.467714	14.229569	48.037220
336	2.12785511	0.000180656115	139.069267	347	8.661812	34.467714	14.225716	48.037220
337	2.12785505	0.000291690365	139.474234	348	8.661812	34.467714	14.225716	48.037220
338	2.12785496	0.000136327507	139.89814	349	8.661812	34.467714	14.225716	48.037220
339	2.12785489	0.000133999492	140.304326	350	8.661812	34.467714	14.225716	48.037220
340	2.12785483	0.000160632589	140.699821	351	8.661812	34.467714	14.225716	48.037220
341	2.12785479	0.000490888271	141.108247	352	8.657959	34.467714	14.225716	48.008142
342	2.12785466	0.000151641593	141.513692	353	8.657959	34.467714	14.229569	48.037220
343	2.1278546	0.000121550391	141.929777	354	8.657959	34.467714	14.229569	48.037220
344	2.12785454	0.00014987846	142.331835	355	8.657959	34.467714	14.225716	48.008142
345	2.12785445	0.000246043458	142.750854	356	8.657959	34.467714	14.225716	48.008142
346	2.12785434	0.000145671436	143.201968	357	8.657959	34.467714	14.225716	48.008142
347	2.12785426	0.000130036591	143.67113	358	8.657959	34.467714	14.225716	48.008142
348	2.12785416	0.00020831042	144.092005	359	8.657959	34.467714	14.229569	48.008142
349	2.12785409	0.000217152012	144.488815	360	8.657959	34.467714	14.229569	48.008142
350	2.12785401	0.000156621882	144.888393	361	8.657959	34.467714	14.229569	48.008142
351	2.12785386	0.000176968112	145.292387	362	8.657959	34.467714	14.229569	48.008142
352	2.12785383	0.000430024302	145.70671	363	8.657959	34.467714	14.229569	48.008142
353	2.12785374	0.0001788101	146.106789	364	8.657959	34.467714	14.229569	48.008142
354	2.12785367	0.000130355051	146.503131	365	8.657959	34.467714	14.229569	48.008142
355	2.12785361	0.00016412192	146.901431	366	8.657959	34.467714	14.225716	48.008142
356	2.12785347	0.000211517801	147.302123	367	8.654105	34.438627	14.225716	48.008142
357	2.12785341	0.000296283175	148.079019	369	8.657959	34.438627	14.221863	48.008142
358	2.12785327	0.000143474726	148.497393	370	8.661812	34.438627	14.221863	48.008142
359	2.12785317	0.000148910994	148.895442	371	8.661812	34.438627	14.221863	48.008142
360	2.12785306	0.000272787041	149.286942	372	8.661812	34.438627	14.221863	48.008142
361	2.12785296	0.000168013787	149.684368	373	8.661812	34.438627	14.221863	48.008142
362	2.12785285	0.000182778027	150.079025	374	8.661812	34.438627	14.221863	48.008142
363	2.12785274	0.000226963268	150.472514	375	8.661812	34.438627	14.221863	48.008142
364	2.12785265	0.000305302243	150.883074	376	8.661812	34.438627	14.221863	48.008142
365	2.12785256	0.000137689938	151.279693	377	8.661812	34.438627	14.221863	48.008142
366	2.12785249	0.000136294653	151.668252	378	8.661812	34.438627	14.221863	48.008142
367	2.12785243	0.000160526418	152.058231	379	8.661812	34.438627	14.221863	48.008142
368	2.12785235	0.000362512139	152.440953	380	8.661812	34.438627	14.218009	48.008142
369	2.12785224	0.000151436838	152.831441	381	8.661812	34.438627	14.221863	48.008142
370	2.12785216	0.000158217864	153.229089	382	8.661812	34.438627	14.221863	48.008142
371	2.12785207	0.000176248622	153.612026	383	8.661812	34.438627	14.221863	48.008142
372	2.127852	0.000314486922	154.374685	385	8.661812	34.438627	14.221863	48.008142
373	2.12785189	0.000177359452	154.767344	386	8.665665	34.467714	14.221863	48.008142
374	2.1278518	0.000122303024	155.154621	387	8.665665	34.467714	14.225716	48.008142
375	2.12785171	0.000217629957	155.543938	388	8.661812	34.438627	14.221863	48.008142
376	2.12785163	0.000201139075	155.952652	389	8.661812	34.438627	14.221863	48.008142
377	2.12785155	0.000156785738	156.346077	390	8.661812	34.438627	14.221863	48.008142
378	2.12785145	0.000259317828	156.732507	391	8.661812	34.438627	14.221863	48.008142
379	2.12785139	0.000191673439	157.136014	392	8.661812	34.438627	14.221863	48.008142
380	2.12785134	0.000150381062	157.539569	393	8.661812	34.438627	14.225716	48.008142
381	2.12785123	0.000151282473	157.938941	394	8.661812	34.438627	14.225716	48.008142
382	2.12785116	0.000289079382	158.334987	395	8.661812	34.438627	14.221863	48.008142
383	2.12785108	0.000203316711	158.723714	396	8.661812	34.438627	14.221863	48.008142
384	2.12785097	0.000174420484	159.118521	397	8.665665	34.438627	14.218009	48.008142
385	2.12785093	0.000222107234	159.522951	398	8.665665	34.438627	14.218009	48.008142
386	2.12785089	0.000152679847	159.913997	399	8.665665	34.438627	14.218009	48.008142
387	2.1278508	0.000126266366	160.325975	400	8.661812	34.438627	14.218009	48.008142
388	2.12785075	0.00015052429	160.745015	401	8.661812	34.438627	14.218009	48.008142
389	2.12785068	0.000276558806	161.562997	403	8.661812	34.438627	14.218009	48.008142
390	2.1278506	0.000120373312	161.969121	404	8.661812	34.438627	14.218009	48.008142
391	2.12785056	0.000110554814	162.379575	405	8.661812	34.438627	14.218009	48.008142
392	2.12785049	0.000179535869	162.769941	406	8.657959	34.438627	14.218009	48.008142
393	2.12785044	0.000172096393	163.161252	407	8.661812	34.438627	14.218009	48.008142
394	2.12785039	0.000131259405	163.562309	408	8.661812	34.438627	14.218009	48.008142
395	2.12785031	0.000132261965	163.951246	409	8.661812	34.438627	14.218009	48.008142
396	2.12785027	0.000181186334	164.336882	410	8.661812	34.438627	14.218009	48.008142
397	2.12785022	0.000133638495	164.772054	411	8.661812	34.438627	14.221863	48.008142
398	2.12785015	0.000166774609	165.183673	412	8.661812	34.438627	14.221863	48.008142
399	2.12785012	0.000206482068	165.574937	413	8.661812	34.438627	14.221863	48.008142
400	2.12785008	0.000138034563	165.979092	414	8.661812	34.438627	14.221863	48.008142
401	2.12784999	0.000140233547	166.382817	415	8.661812	34.438627	14.225716	48.008142
402	2.12784994	0.00015367027	166.76884	416	8.661812	34.438627	14.225716	48.008142
403	2.12784988	0.000261370813	167.555648	418	8.661812	34.438627	14.225716	48.008142
404	2.1278498	0.000117413347	167.972871	419	8.661812	34.438627	14.221863	48.008142
405	2.12784976	0.000110549453	168.376328	420	8.661812	34.438627	14.221863	48.008142
406	2.12784972	0.000147053002	168.796329	421	8.661812	34.438627	14.221863	48.008142
407	2.12784967	0.000144657686	169.191734	422	8.661812	34.438627	14.221863	48.008142
408	2.12784961	0.000132629798	169.613691	423	8.661812	34.438627	14.221863	48.008142
409	2.12784954	0.000189734963	170.004977	424	8.661812	34.438627	14.221863	48.008142
410	2.12784948	0.000128411869	170.395032	425	8.661812	34.438627	14.221863	48.008142
411	2.12784942	0.000125628215	170.791998	426	8.661812	34.438627	14.225716	48.008142
412	2.12784936	0.00017690495	171.192468	427	8.661812	34.438627	14.225716	48.008142
413	2.1278493	0.00014467962	171.590355	428	8.661812	34.438627	14.225716	48.008142
414	2.12784923	0.000134791684	172.021667	429	8.661812	34.438627	14.221863	48.008142
415	2.12784918	0.000153658864	172.413469	430	8.661812	34.438627	14.221863	48.008142
416	2.12784913	0.000116208961	172.804549	431	8.661812	34.438627	14.225716	48.008142
417	2.12784907	0.000131513821	173.192939	432	8.661812	34.438627	14.225716	48.008142
418	2.12784902	0.000219621481	173.601727	433	8.661812	34.438627	14.225716	48.008142
419	2.12784897	0.000125522366	174.025516	434	8.661812	34.438627	14.225716	48.008142
420	2.12784892	0.000106649567	174.428557	435	8.661812	34.438627	14.221863	48.008142
421	2.12784888	0.000168187464	174.836784	436	8.661812	34.438627	14.221863	48.008142
422	2.12784882	0.000146825671	175.236704	437	8.661812	34.438627	14.221863	48.008142
423	2.12784877	0.000140260067	175.626164	438	8.661812	34.438627	14.221863	48.008142
424	2.1278487	0.000126019035	176.019112	439	8.661812	34.438627	14.225716	48.008142
425	2.12784864	0.000151226072	176.406744	440	8.657959	34.438627	14.229569	48.008142
426	2.12784859	0.000221571856	176.794503	441	8.657959	34.438627	14.225716	48.008142
427	2.12784853	0.000107272635	177.182142	442	8.657959	34.438627	14.225716	48.008142
428	2.12784849	0.000106414896	177.572242	443	8.657959	34.438627	14.225716	48.008142
429	2.12784845	0.000190442445	177.970185	444	8.657959	34.438627	14.225716	48.008142
430	2.1278484	0.000101279515	178.361581	445	8.657959	34.438627	14.221863	48.008142
431	2.12784837	0.000105053348	178.769492	446	8.657959	34.438627	14.221863	48.008142
432	2.12784833	0.000118713876	179.153478	447	8.657959	34.438627	14.225716	48.008142
433	2.1278483	8.75215264e-05	179.576547	448	8.657959	34.438627	14.225716	48.008142
434	2.12784827	8.9166306e-05	179.9785	449	8.657959	34.438627	14.225716	48.008142
435	2.12784822	0.000222886204	180.371186	450	8.657959	34.438627	14.225716	48.008142
436	2.12784818	0.000111067612	180.759646	451	8.654105	34.438627	14.225716	48.008142
437	2.12784815	9.93997672e-05	181.147153	452	8.654105	34.438627	14.225716	48.008142
438	2.12784811	0.000129625686	181.555315	453	8.654105	34.438627	14.229569	48.008142
439	2.1278481	0.000247547981	181.947668	454	8.657959	34.438627	14.221863	47.979064
440	2.12784807	8.96453095e-05	182.3364	455	8.657959	34.438627	14.221863	47.979064
441	2.12784805	6.38349135e-05	182.723277	456	8.657959	34.438627	14.225716	48.008142
442	2.12784803	7.78075397e-05	183.114386	457	8.657959	34.438627	14.225716	48.008142
443	2.127848	0.000167578986	183.507482	458	8.657959	34.438627	14.229569	48.008142
444	2.12784797	7.34726571e-05	183.924383	459	8.657959	34.438627	14.229569	48.008142
445	2.12784795	5.92983721e-05	184.404364	460	8.657959	34.438627	14.229569	48.008142
446	2.12784792	0.00010444123	184.814083	461	8.661812	34.467714	14.225716	48.008142
447	2.12784792	0.000194587553	185.208148	462	8.661812	34.467714	14.225716	48.008142
448	2.12784789	8.32941846e-05	185.603153	463	8.661812	34.467714	14.225716	48.008142
449	2.12784788	5.25190458e-05	186.019257	464	8.661812	34.467714	14.225716	48.008142
450	2.12784786	6.67420219e-05	186.409473	465	8.661812	34.467714	14.225716	48.008142
451	2.12784784	0.000107843855	186.813443	466	8.661812	34.467714	14.225716	48.008142
452	2.12784783	0.00018385166	187.202624	467	8.661812	34.467714	14.229569	48.008142
453	2.12784781	5.08041919e-05	187.596931	468	8.661812	34.467714	14.229569	48.008142
454	2.1278478	4.7320973e-05	187.988793	469	8.661812	34.467714	14.229569	48.008142
455	2.12784779	6.97321455e-05	188.376632	470	8.661812	34.467714	14.225716	48.008142
456	2.12784778	0.000171623096	188.77273	471	8.661812	34.467714	14.225716	48.008142
457	2.12784776	7.49932342e-05	189.168748	472	8.661812	34.467714	14.225716	48.008142
458	2.12784775	4.91603492e-05	189.563354	473	8.661812	34.467714	14.225716	48.008142
459	2.12784774	5.20646229e-05	189.95202	474	8.661812	34.467714	14.225716	48.008142
460	2.12784773	0.000149214308	190.338182	475	8.661812	34.467714	14.225716	48.008142
461	2.12784771	4.80444306e-05	190.72894	476	8.661812	34.467714	14.225716	48.008142
462	2.12784771	3.7944258e-05	191.125325	477	8.661812	34.467714	14.225716	48.008142
Optimization converged with status CONVERGED_GTTOL.
Total CPU time: 178.72 seconds 
Total wallclock time: 191.125 seconds 
Objective/gradient CPU time: 176.63 seconds 
Objective/gradient wallclock time: 187.091 seconds 
