2 machines found
login-1.extreme.acer.uic.edu
login-1.extreme.acer.uic.edu
CRF loss
Parsing training data: ../data/train_petsc.txt
Parsing test data: ../data/test_petsc.txt
Data loading completed
====================  Summary of settings =================
Training data: ../data/train_petsc.txt
Test data: ../data/test_petsc.txt
loss: CRF, lambda: 1.000000e-04, Processors: 2
dim: 129, classes: 26
Train: #word=3438, #letter=25953
Test: #word=3439, #letter=26198
===========================================================
iter	func.val	gap time	feval.num	nfuncs	train_lett_err	train_word_err	test_lett_err	test_word_err
0	24.5949329	4.55704418	0.677406073	1	92.309174	100.000000	93.091357	100.000000
1	20.2607375	5.09781768	2.76895022	3	71.379031	100.000000	72.095711	100.000000
2	17.4237086	3.66111382	3.82869124	4	66.662814	99.825480	67.013447	99.883687
3	15.2976702	2.67229428	4.98906231	5	53.446615	97.673066	54.020730	97.702821
4	13.1970477	2.13494509	6.14739037	6	45.397449	96.160558	46.094864	95.347485
5	10.8561662	2.52542479	7.30745721	7	39.702539	91.855730	40.827650	92.294272
6	9.27208175	1.17395507	8.45614719	8	33.788001	87.056428	34.959350	87.641756
7	8.68055522	0.877850628	9.5257833	9	31.518514	84.293194	32.601241	85.199186
8	7.80125982	0.853216196	10.5848873	10	28.532347	80.453752	29.622780	81.942425
9	7.17733535	1.54357246	11.6417673	11	27.133665	77.254218	28.370516	78.016865
10	6.65408865	0.732757847	12.6992531	12	24.548222	72.833042	25.842870	74.411166
11	6.39179941	0.543846276	13.7858381	13	23.646592	71.931355	24.864178	73.044490
12	5.90240529	0.616735986	14.8440323	14	22.228644	69.371728	23.688976	72.055830
13	5.41772849	0.844458896	15.9037981	15	21.080415	67.219314	22.637075	70.485606
14	5.04153833	0.723752496	16.9651861	16	20.386853	65.823153	22.267175	69.962198
15	4.79228883	0.389108192	18.0243223	17	19.277155	63.699825	21.153624	67.374237
16	4.56300429	0.364228186	19.0836325	18	18.552768	61.140198	20.367588	65.164292
17	4.36119642	0.387010689	20.1455543	19	17.778292	58.842350	19.812738	63.506833
18	4.14852983	0.710746715	21.2159781	20	17.624167	58.464223	20.190344	63.332364
19	3.89724093	0.29262814	22.2778113	21	16.317959	55.090169	19.123030	61.064263
20	3.77817202	0.242128846	23.3403752	22	16.028975	54.246655	18.768543	60.715324
21	3.65674319	0.377522712	24.4026432	23	15.847879	53.519488	18.595153	60.860715
22	3.54935076	0.449958917	25.4652011	24	15.547336	53.083188	18.348553	60.104682
23	3.46183762	0.24398718	26.5269601	25	15.123492	52.006981	17.970947	59.435883
24	3.34341856	0.251489761	27.5898151	26	14.664971	50.378127	17.550958	58.127363
25	3.25702439	0.253213474	28.6516993	27	14.406812	50.232693	17.300505	57.313172
26	3.17579758	0.476815693	29.7142694	28	13.971410	48.342059	17.443070	56.528060
27	3.07344916	0.181235647	30.7777474	29	13.358764	46.829552	16.899780	55.684792
28	3.01783069	0.188529179	31.8412166	30	13.027396	46.218732	16.591531	54.608898
29	2.93606407	0.242609923	32.9044266	31	12.803915	45.869692	16.402728	54.259959
30	2.91746049	0.52478662	34.0087066	32	12.965746	45.782432	16.491350	53.794708
31	2.82717238	0.1822481	35.0779724	33	12.518784	45.055265	16.071360	52.951439
32	2.79811604	0.123363096	36.1412444	34	12.268331	44.589878	16.005857	53.067752
33	2.75959548	0.171569727	37.2055883	35	12.214388	44.182664	16.002004	52.951439
34	2.70455246	0.22872427	38.2727745	36	12.033291	43.862711	15.867144	52.398953
35	2.65906549	0.206380375	39.3647254	37	11.948522	43.862711	16.094478	53.125909
36	2.62468509	0.103042986	40.4467325	38	11.705776	42.902850	15.978885	52.922361
37	2.59355633	0.136514162	41.5248127	39	11.351289	41.826643	15.782376	52.311719
38	2.56085567	0.137535692	42.6041155	40	11.474589	41.681210	15.790082	51.933702
39	2.53288523	0.298113097	43.6848524	41	11.470736	41.273997	15.840173	51.323059
40	2.50353907	0.144204978	44.7578623	42	11.185605	40.779523	15.693754	50.799651
41	2.48967906	0.0963050836	45.8274794	43	11.127808	40.517743	15.477979	50.508869
42	2.47115347	0.0946868934	46.8932714	44	11.004508	40.226876	15.408623	50.625182
43	2.44295112	0.151010071	47.9598193	45	10.912033	40.314136	15.474126	50.596104
44	2.42005533	0.162506991	49.0247724	46	10.765615	40.546830	15.312295	50.683338
45	2.40171317	0.0794450305	50.0906394	47	10.592224	39.994183	15.231380	50.683338
46	2.38608189	0.0761223135	51.1580014	48	10.476631	39.732403	15.185142	50.625182
47	2.37300406	0.0855119168	52.2247355	49	10.461218	39.616056	15.177436	50.567025
48	2.36323977	0.193258595	53.2919796	50	10.495896	38.947062	15.154317	50.421634
49	2.34425332	0.0775611748	54.3589497	51	10.310947	38.801629	15.088814	50.392556
50	2.33657744	0.0628479331	55.4257855	52	10.210766	38.772542	15.069549	50.218087
51	2.32661834	0.0824947525	56.4911184	53	10.114438	38.743455	15.042577	50.247165
52	2.31381945	0.164201876	57.5578744	54	10.187647	38.888889	15.011752	50.450712
53	2.30153307	0.0725086861	58.6265314	55	10.002697	38.510762	14.915424	50.218087
54	2.29403671	0.0556100468	59.6931424	56	9.968019	38.219895	14.900012	49.985461
55	2.28722829	0.0634085554	60.7596393	57	9.902516	37.929029	14.907718	50.130852
56	2.278963	0.122489325	61.8293042	58	9.871691	37.929029	14.880746	50.043617
57	2.26997461	0.0550542195	62.8962431	59	9.802335	37.289122	14.857627	50.072696
58	2.26416032	0.0500891881	63.96263	60	9.790776	37.347295	14.838362	49.927304
59	2.2542555	0.0684087202	65.0319901	61	9.817747	37.521815	14.792124	49.752835
60	2.2491497	0.0813593545	67.1619251	63	9.679035	37.201862	14.780565	49.578366
61	2.24295269	0.0544528678	68.2427311	64	9.671329	37.056428	14.703502	49.491131
62	2.23593886	0.0466362779	69.309849	65	9.594267	36.794648	14.618734	49.113114
63	2.23252142	0.0785661654	70.3783431	66	9.609679	37.056428	14.657265	49.200349
64	2.22879762	0.0429850805	71.448283	67	9.524910	36.852821	14.618734	48.967723
65	2.22390859	0.0512985256	72.5160489	68	9.532617	36.794648	14.518553	48.647863
66	2.21838227	0.0635773187	73.5826941	69	9.555735	36.998255	14.526259	48.706019
67	2.21408409	0.0945675941	75.713794	71	9.509498	36.852821	14.510847	48.589706
68	2.20805789	0.0463920805	76.781074	72	9.555735	36.998255	14.495434	48.764176
69	2.20501641	0.0304342814	77.8476341	73	9.440142	36.823735	14.533965	48.793254
70	2.20170642	0.0400362246	78.914578	74	9.478673	36.940081	14.510847	48.880489
71	2.19839606	0.0537906092	79.980722	75	9.324548	36.503781	14.503140	48.706019
72	2.19453534	0.0519399256	81.0493541	76	9.282164	36.329261	14.483875	48.647863
73	2.1910458	0.0536511687	82.1180811	77	9.220514	36.329261	14.518553	48.676941
74	2.18862141	0.0372577677	83.186126	78	9.185836	36.212914	14.537818	48.647863
75	2.18580586	0.0304285381	84.253221	79	9.178130	36.242001	14.553231	48.647863
76	2.18282307	0.0438653706	85.3203559	80	9.039417	35.834788	14.522406	48.676941
77	2.17958214	0.0400605157	86.3898609	81	8.977768	35.573008	14.587909	48.822332
78	2.17743724	0.0313744168	87.4580388	82	8.931530	35.485748	14.541671	48.764176
79	2.17506919	0.0312824925	88.5257337	83	8.981621	35.514834	14.506993	48.676941
80	2.17329261	0.0318811887	89.5971746	84	8.950796	35.456661	14.587909	48.880489
81	2.171106	0.0309979773	90.6661217	85	8.989327	35.514834	14.564790	48.793254
82	2.16894715	0.0337988073	91.7333236	86	8.943089	35.427574	14.526259	48.822332
83	2.1671284	0.027842415	92.8002965	87	8.908411	35.427574	14.549378	48.822332
84	2.16537922	0.0248920509	93.8723586	88	8.854468	35.136707	14.591762	48.967723
85	2.16369824	0.0328554542	94.9421844	89	8.869880	35.165794	14.514700	48.938645
86	2.16216228	0.0274595917	96.0104556	90	8.839055	34.991274	14.449197	48.706019
87	2.16089324	0.0211737128	97.0792136	91	8.800524	34.758581	14.441490	48.589706
88	2.15969508	0.0280027509	98.1490564	92	8.823643	34.787667	14.526259	48.793254
89	2.15859714	0.0270204226	99.2153375	93	8.815937	34.845841	14.460756	48.531550
90	2.15757899	0.0187838501	100.282572	94	8.769699	34.700407	14.503140	48.735097
91	2.15631047	0.020263667	101.349833	95	8.754287	34.671321	14.487728	48.822332
92	2.15563382	0.0434071728	102.416436	96	8.754287	34.467714	14.510847	48.822332
93	2.15467145	0.0201318852	103.482619	97	8.727315	34.467714	14.503140	48.735097
94	2.15372845	0.0170753896	104.548584	98	8.758140	34.584061	14.437637	48.880489
95	2.15290198	0.0206041612	105.61498	99	8.700343	34.438627	14.399106	48.851410
96	2.15148944	0.03529912	106.681902	100	8.765846	34.642234	14.325897	48.473393
97	2.15027299	0.0272724016	107.749931	101	8.742727	34.729494	14.383694	48.676941
98	2.14941075	0.0144193423	108.817424	102	8.708049	34.525887	14.368281	48.531550
99	2.1482522	0.0177043575	109.884787	103	8.704196	34.496800	14.383694	48.473393
100	2.14755739	0.0270351319	110.952927	104	8.715755	34.700407	14.395253	48.706019
101	2.14663204	0.017715876	112.020218	105	8.700343	34.613147	14.368281	48.502472
102	2.14594825	0.0236649954	113.086568	106	8.700343	34.700407	14.379840	48.473393
103	2.14533003	0.0132439348	114.154652	107	8.708049	34.700407	14.337456	48.473393
104	2.1448765	0.0137766708	115.222504	108	8.692637	34.642234	14.360575	48.415237
105	2.14398763	0.018346957	116.289087	109	8.673371	34.554974	14.333603	48.386159
106	2.14357913	0.0206158952	118.419455	111	8.692637	34.700407	14.399106	48.560628
107	2.14307306	0.0135806918	119.487066	112	8.677224	34.671321	14.379840	48.560628
108	2.14239896	0.0135543756	120.553934	113	8.669518	34.671321	14.372134	48.502472
109	2.14207624	0.0328912415	121.620725	114	8.688784	34.787667	14.325897	48.357081
110	2.14159003	0.0135971017	122.688745	115	8.692637	34.700407	14.322044	48.328002
111	2.14121478	0.0122110876	123.75613	116	8.711902	34.787667	14.291219	48.386159
112	2.14078976	0.0151304117	124.823317	117	8.692637	34.729494	14.264247	48.298924
113	2.13989874	0.0192248044	125.911575	118	8.708049	34.642234	14.283513	48.182611
114	2.13948448	0.0259236156	128.041476	120	8.684930	34.671321	14.333603	48.240768
115	2.13890544	0.0124293889	129.108232	121	8.731168	34.787667	14.318191	48.153533
116	2.13852224	0.00905408084	130.175215	122	8.746580	34.874927	14.291219	48.124455
117	2.1381125	0.0136655877	131.241621	123	8.723462	34.671321	14.322044	48.182611
118	2.13771669	0.0197177122	132.307477	124	8.711902	34.642234	14.322044	48.182611
119	2.13731045	0.0121060354	133.373898	125	8.708049	34.525887	14.306631	48.211689
120	2.13685223	0.0105391917	134.438769	126	8.750433	34.642234	14.337456	48.298924
121	2.13660143	0.0124713564	135.5037	127	8.688784	34.467714	14.352869	48.269846
122	2.13623602	0.0113252012	136.569649	128	8.719609	34.554974	14.325897	48.240768
123	2.13593186	0.0301445086	137.635724	129	8.719609	34.584061	14.314337	48.211689
124	2.13552354	0.00953826467	138.70225	130	8.785112	34.758581	14.383694	48.386159
125	2.13533297	0.00947733074	139.76822	131	8.785112	34.787667	14.391400	48.386159
126	2.13501221	0.0134023904	140.83379	132	8.804377	34.845841	14.375987	48.357081
127	2.13490615	0.0301925043	141.900559	133	8.773552	34.729494	14.352869	48.095377
128	2.13449696	0.0105538234	142.96686	134	8.746580	34.729494	14.391400	48.357081
129	2.13432976	0.00660127997	144.032623	135	8.727315	34.700407	14.406812	48.473393
130	2.13414091	0.00853741576	145.099035	136	8.727315	34.729494	14.402959	48.502472
131	2.13383078	0.0130195078	146.16661	137	8.750433	34.758581	14.364428	48.386159
132	2.13359801	0.0242012214	147.234522	138	8.754287	34.816754	14.356722	48.444315
133	2.13321998	0.00746326646	148.301585	139	8.704196	34.758581	14.383694	48.444315
134	2.13306022	0.00835454739	149.36871	140	8.750433	34.758581	14.372134	48.328002
135	2.13280752	0.0102909863	150.434356	141	8.715755	34.642234	14.356722	48.269846
136	2.13259026	0.0190144035	152.56369	143	8.715755	34.584061	14.372134	48.211689
137	2.13229531	0.0102990389	153.630841	144	8.665665	34.525887	14.368281	48.357081
138	2.13205151	0.00707212422	154.698814	145	8.634840	34.467714	14.322044	48.444315
139	2.13189075	0.0107368393	155.771697	146	8.665665	34.671321	14.298925	48.357081
140	2.13173278	0.00742717636	156.837921	147	8.611721	34.584061	14.302778	48.357081
141	2.13155773	0.00730958548	157.907095	148	8.634840	34.671321	14.302778	48.298924
142	2.13139836	0.0118549899	158.976058	149	8.669518	34.758581	14.279659	48.298924
143	2.13123895	0.0082421185	160.044848	150	8.684930	34.671321	14.252688	48.269846
144	2.13105683	0.00720747548	161.1147	151	8.657959	34.613147	14.279659	48.328002
145	2.13092117	0.00989797994	162.183431	152	8.692637	34.671321	14.275806	48.415237
146	2.13076137	0.00633832776	163.250859	153	8.711902	34.642234	14.271953	48.357081
147	2.13056616	0.00666962849	164.319448	154	8.723462	34.700407	14.295072	48.386159
148	2.13051598	0.0152734762	165.387285	155	8.735021	34.700407	14.310484	48.415237
149	2.13035894	0.00542681843	166.456309	156	8.704196	34.613147	14.287366	48.415237
150	2.13028398	0.00410391358	167.526923	157	8.688784	34.642234	14.298925	48.444315
151	2.13018485	0.00569861903	168.593625	158	8.692637	34.554974	14.291219	48.444315
152	2.13009057	0.012870119	169.659637	159	8.681077	34.613147	14.298925	48.415237
153	2.12995683	0.00640616495	170.726625	160	8.704196	34.584061	14.298925	48.444315
154	2.12985371	0.00454518097	171.792542	161	8.711902	34.642234	14.306631	48.357081
155	2.12976529	0.00523390467	172.859495	162	8.704196	34.642234	14.275806	48.269846
156	2.12974795	0.0181137161	173.927269	163	8.681077	34.613147	14.256541	48.211689
157	2.12962021	0.00529298703	174.996898	164	8.684930	34.642234	14.279659	48.124455
158	2.12956818	0.00365843062	176.06547	165	8.688784	34.671321	14.283513	48.182611
159	2.12949781	0.00532316129	177.133951	166	8.700343	34.700407	14.275806	48.153533
160	2.12941148	0.00729484706	178.201566	167	8.692637	34.642234	14.291219	48.037220
161	2.12933217	0.00919732974	179.268245	168	8.704196	34.584061	14.271953	48.095377
162	2.12926541	0.00417401808	180.334743	169	8.677224	34.554974	14.279659	48.066298
163	2.12920747	0.00517328229	181.402829	170	8.677224	34.584061	14.287366	48.095377
164	2.12915021	0.00564725812	182.472209	171	8.669518	34.613147	14.279659	48.153533
165	2.12911639	0.0134958113	183.538629	172	8.669518	34.584061	14.244981	48.066298
166	2.12902861	0.00391900548	184.605539	173	8.661812	34.525887	14.260394	48.124455
167	2.12899884	0.0030717965	185.67233	174	8.681077	34.584061	14.287366	48.153533
168	2.12896576	0.0034800429	186.737911	175	8.688784	34.584061	14.287366	48.211689
169	2.12892039	0.00931355003	187.80466	176	8.708049	34.642234	14.256541	48.124455
170	2.12886214	0.00432975296	188.871859	177	8.692637	34.642234	14.248834	48.095377
171	2.12881446	0.00354242853	189.938143	178	8.657959	34.525887	14.248834	48.095377
172	2.12875751	0.00527614701	191.00485	179	8.654105	34.525887	14.244981	48.124455
173	2.12873237	0.00874736669	192.071262	180	8.650252	34.496800	14.252688	48.153533
174	2.12868314	0.0034601908	193.139004	181	8.665665	34.525887	14.248834	48.095377
175	2.1286529	0.00293002801	194.206049	182	8.677224	34.496800	14.229569	48.066298
176	2.12862129	0.00348709748	195.273062	183	8.688784	34.525887	14.225716	48.037220
177	2.12857511	0.00876474677	196.340211	184	8.681077	34.496800	14.244981	48.124455
178	2.12852628	0.00444388242	197.407021	185	8.642546	34.409540	14.268100	48.037220
179	2.12849828	0.00297040578	198.473603	186	8.646399	34.438627	14.275806	48.095377
180	2.12846446	0.00305805041	199.539278	187	8.654105	34.380454	14.264247	48.124455
181	2.12844864	0.00534719007	200.606023	188	8.646399	34.438627	14.264247	48.095377
182	2.12842615	0.00277152169	201.673814	189	8.650252	34.409540	14.260394	48.037220
183	2.12839467	0.00298661128	202.740793	190	8.646399	34.409540	14.237275	48.008142
184	2.12837061	0.00341495748	203.809628	191	8.638693	34.380454	14.221863	47.979064
185	2.12835359	0.0117235593	204.87859	192	8.650252	34.351367	14.229569	47.979064
186	2.12830485	0.00310712992	205.946792	193	8.646399	34.438627	14.244981	48.037220
187	2.12829247	0.00196946989	207.015081	194	8.654105	34.438627	14.244981	48.037220
188	2.12827466	0.00270689208	208.083531	195	8.654105	34.467714	14.252688	48.095377
189	2.12825463	0.00320563354	209.153614	196	8.646399	34.496800	14.248834	48.124455
190	2.1282356	0.0052271551	210.224512	197	8.630987	34.409540	14.233422	48.095377
191	2.12821337	0.00237756521	211.293086	198	8.638693	34.467714	14.233422	48.124455
192	2.12819536	0.00232171656	212.365518	199	8.642546	34.467714	14.241128	48.124455
193	2.12818069	0.00268412659	213.435134	200	8.650252	34.525887	14.229569	48.095377
194	2.12816947	0.00472500774	215.566999	202	8.657959	34.525887	14.218009	48.008142
195	2.12815269	0.0022689141	216.633819	203	8.657959	34.525887	14.233422	48.037220
196	2.12814109	0.00154025465	217.703081	204	8.665665	34.525887	14.233422	48.095377
197	2.12812456	0.00195040713	218.774203	205	8.669518	34.554974	14.241128	48.153533
198	2.12811551	0.00443514739	219.841474	206	8.665665	34.525887	14.248834	48.095377
199	2.1281008	0.0019839238	220.90776	207	8.657959	34.525887	14.268100	48.240768
200	2.1280908	0.00154511332	221.974252	208	8.654105	34.525887	14.264247	48.211689
201	2.12807945	0.00218320883	223.041241	209	8.665665	34.554974	14.260394	48.182611
202	2.12806037	0.00320619185	224.107477	210	8.657959	34.525887	14.264247	48.153533
203	2.12805432	0.00489311222	225.175276	211	8.677224	34.613147	14.264247	48.240768
204	2.12804003	0.00144613372	226.244414	212	8.669518	34.584061	14.260394	48.153533
205	2.12803565	0.00120857511	227.31272	213	8.657959	34.525887	14.248834	48.066298
206	2.12802881	0.00177132079	228.385073	214	8.650252	34.496800	14.248834	48.066298
207	2.12801769	0.00208970553	229.451308	215	8.661812	34.467714	14.248834	48.066298
208	2.12801247	0.00269723508	231.581787	217	8.654105	34.467714	14.244981	48.037220
209	2.12800388	0.00132555992	232.651142	218	8.646399	34.467714	14.233422	47.979064
210	2.12799732	0.00111310416	233.718799	219	8.646399	34.467714	14.229569	47.949985
211	2.12799063	0.00226940774	234.787162	220	8.657959	34.525887	14.221863	47.979064
212	2.12798445	0.00147039417	235.854205	221	8.638693	34.496800	14.248834	47.979064
213	2.12797956	0.00118583	236.920971	222	8.650252	34.496800	14.256541	48.037220
214	2.12797224	0.00160209349	237.987059	223	8.646399	34.496800	14.260394	48.066298
215	2.12796708	0.0026324393	239.053407	224	8.634840	34.438627	14.248834	48.037220
216	2.12796132	0.00148547039	240.121188	225	8.638693	34.438627	14.244981	48.037220
217	2.12795491	0.00101966153	241.189329	226	8.638693	34.438627	14.244981	48.037220
218	2.12795104	0.00115461918	242.255958	227	8.646399	34.438627	14.241128	48.037220
219	2.12794943	0.00373907607	243.322089	228	8.654105	34.496800	14.229569	48.037220
220	2.12794115	0.00086710122	244.38896	229	8.646399	34.438627	14.233422	48.037220
221	2.12793948	0.000753643277	245.455722	230	8.646399	34.438627	14.241128	48.066298
222	2.12793574	0.00105768804	246.52288	231	8.654105	34.467714	14.233422	48.008142
223	2.12793505	0.00378162814	247.591187	232	8.669518	34.584061	14.229569	48.008142
224	2.12792919	0.00118714162	248.657262	233	8.657959	34.496800	14.237275	48.037220
225	2.12792689	0.00070001732	249.723549	234	8.657959	34.496800	14.237275	48.037220
226	2.12792436	0.000944322675	250.790169	235	8.661812	34.525887	14.237275	48.037220
227	2.12792025	0.00102332372	251.858008	236	8.650252	34.467714	14.237275	48.037220
228	2.12791774	0.00184840448	253.989576	238	8.646399	34.467714	14.237275	48.037220
229	2.12791362	0.000669479475	255.056129	239	8.638693	34.409540	14.237275	48.037220
230	2.12791126	0.000677368513	256.122083	240	8.646399	34.438627	14.237275	48.037220
231	2.12790842	0.00169253352	257.18892	241	8.650252	34.438627	14.221863	48.066298
232	2.12790556	0.000978836275	258.255533	242	8.646399	34.409540	14.241128	48.066298
233	2.12790382	0.000766539673	259.321223	243	8.650252	34.438627	14.241128	48.066298
234	2.12790042	0.00100365192	260.38771	244	8.650252	34.438627	14.229569	48.095377
235	2.12789931	0.00190110413	261.456201	245	8.650252	34.467714	14.229569	48.066298
236	2.12789701	0.000767218983	262.523942	246	8.646399	34.438627	14.229569	48.037220
237	2.12789538	0.000576163357	263.592777	247	8.661812	34.467714	14.233422	48.066298
238	2.12789411	0.000690317827	264.660951	248	8.661812	34.467714	14.237275	48.066298
239	2.12789292	0.0015393705	265.728857	249	8.661812	34.467714	14.237275	48.066298
240	2.12789115	0.000563445946	266.797563	250	8.661812	34.467714	14.237275	48.066298
241	2.12789023	0.000504085193	267.872645	251	8.665665	34.496800	14.237275	48.066298
242	2.12788892	0.000597357695	268.939328	252	8.665665	34.496800	14.237275	48.066298
243	2.12788719	0.00128482182	270.006551	253	8.665665	34.496800	14.237275	48.066298
244	2.12788549	0.000768715257	271.073868	254	8.654105	34.438627	14.237275	48.066298
245	2.12788448	0.000474705998	272.14172	255	8.650252	34.438627	14.237275	48.066298
246	2.12788335	0.000508077556	273.209405	256	8.654105	34.438627	14.244981	48.095377
247	2.12788253	0.000953724847	274.276935	257	8.661812	34.467714	14.248834	48.095377
248	2.12788149	0.000585695433	275.345363	258	8.661812	34.467714	14.244981	48.095377
249	2.12788039	0.000537517742	276.412397	259	8.654105	34.438627	14.244981	48.124455
250	2.12787987	0.000899253039	277.47902	260	8.661812	34.467714	14.241128	48.124455
251	2.12787924	0.00054679716	278.564295	261	8.665665	34.467714	14.244981	48.124455
252	2.12787821	0.000415332288	279.632607	262	8.661812	34.467714	14.241128	48.095377
253	2.12787765	0.000530614199	280.701756	263	8.661812	34.438627	14.244981	48.095377
254	2.12787679	0.000886561771	281.770839	264	8.661812	34.438627	14.244981	48.066298
255	2.12787597	0.000501646302	282.838377	265	8.657959	34.438627	14.237275	48.066298
256	2.12787553	0.000414099265	283.904957	266	8.657959	34.438627	14.237275	48.066298
257	2.12787489	0.000440294509	284.97043	267	8.650252	34.438627	14.237275	48.066298
258	2.12787453	0.00117154269	286.037646	268	8.650252	34.438627	14.241128	48.066298
259	2.12787375	0.000475143718	287.104548	269	8.650252	34.438627	14.244981	48.066298
260	2.12787329	0.000334355386	288.170338	270	8.654105	34.438627	14.233422	48.008142
261	2.12787287	0.000376475478	289.238895	271	8.654105	34.438627	14.244981	48.066298
262	2.12787245	0.000978269568	290.306949	272	8.654105	34.438627	14.241128	48.037220
263	2.12787181	0.000316039532	291.373494	273	8.654105	34.438627	14.241128	48.037220
264	2.12787151	0.00028778195	292.439736	274	8.654105	34.438627	14.241128	48.037220
265	2.12787108	0.000379154266	293.5079	275	8.654105	34.438627	14.237275	48.037220
266	2.1278704	0.000678245232	294.574924	276	8.657959	34.467714	14.237275	48.037220
267	2.12786973	0.000546431055	295.641101	277	8.657959	34.438627	14.237275	48.037220
268	2.12786928	0.000304773825	296.708718	278	8.661812	34.467714	14.237275	48.037220
269	2.12786886	0.000323207072	297.776942	279	8.657959	34.467714	14.241128	48.037220
270	2.12786854	0.000479911232	298.84391	280	8.657959	34.467714	14.241128	48.037220
271	2.12786807	0.000319624517	299.91259	281	8.657959	34.438627	14.241128	48.037220
272	2.12786759	0.000303773979	300.980152	282	8.657959	34.438627	14.237275	48.037220
273	2.12786733	0.000505203008	303.111494	284	8.654105	34.409540	14.237275	48.037220
274	2.12786701	0.000280340756	304.179353	285	8.654105	34.380454	14.233422	48.008142
275	2.12786669	0.000282071351	305.245841	286	8.654105	34.380454	14.233422	48.008142
276	2.12786634	0.000574142598	306.313235	287	8.654105	34.409540	14.233422	48.008142
277	2.12786597	0.000351106481	307.379808	288	8.657959	34.438627	14.237275	48.037220
278	2.12786566	0.00029037673	308.44723	289	8.657959	34.438627	14.241128	48.037220
279	2.1278653	0.000407461784	309.514317	290	8.657959	34.438627	14.241128	48.066298
280	2.12786498	0.000394083338	310.581214	291	8.657959	34.438627	14.241128	48.066298
281	2.12786472	0.000285945304	311.647176	292	8.657959	34.438627	14.233422	48.037220
282	2.12786442	0.000329499109	312.713978	293	8.661812	34.467714	14.225716	48.008142
283	2.12786421	0.000352192574	313.781093	294	8.661812	34.467714	14.229569	48.037220
284	2.12786394	0.000332864945	314.848594	295	8.661812	34.467714	14.225716	48.037220
285	2.12786363	0.000553954804	316.978911	297	8.661812	34.467714	14.233422	48.066298
286	2.12786331	0.000228065015	318.045296	298	8.661812	34.467714	14.225716	48.008142
287	2.12786318	0.000202389768	319.111886	299	8.661812	34.467714	14.225716	48.008142
288	2.12786286	0.000333614934	320.17895	300	8.661812	34.467714	14.225716	48.008142
289	2.12786259	0.000500634625	321.245782	301	8.657959	34.467714	14.221863	48.008142
290	2.12786231	0.000312761202	322.311714	302	8.661812	34.467714	14.221863	48.008142
291	2.12786199	0.000237930952	323.377505	303	8.661812	34.467714	14.221863	48.008142
292	2.12786181	0.000278787147	324.44515	304	8.661812	34.467714	14.218009	48.008142
293	2.12786152	0.000321382278	325.512859	305	8.661812	34.467714	14.218009	48.008142
294	2.12786141	0.000598211894	326.579557	306	8.657959	34.467714	14.221863	48.037220
295	2.12786119	0.00024196636	327.646404	307	8.657959	34.467714	14.221863	48.037220
296	2.12786099	0.000218046372	328.714207	308	8.657959	34.467714	14.221863	48.037220
297	2.12786079	0.000329233529	329.784221	309	8.661812	34.467714	14.229569	48.037220
298	2.12786051	0.000483795325	330.853458	310	8.661812	34.467714	14.229569	48.037220
299	2.12786023	0.000313891165	331.920536	311	8.657959	34.467714	14.237275	48.066298
300	2.12786006	0.000192276466	332.986813	312	8.661812	34.467714	14.233422	48.037220
301	2.12785989	0.000239578777	334.054003	313	8.661812	34.467714	14.233422	48.037220
302	2.12785975	0.000319748037	335.120284	314	8.661812	34.467714	14.233422	48.037220
303	2.12785954	0.000232895521	336.186751	315	8.661812	34.467714	14.233422	48.037220
304	2.12785931	0.000471557101	337.254214	316	8.657959	34.467714	14.229569	48.008142
305	2.1278591	0.000269188629	338.322058	317	8.661812	34.467714	14.233422	48.037220
306	2.12785899	0.000200724205	339.38967	318	8.661812	34.467714	14.233422	48.037220
307	2.12785878	0.00022377445	340.476948	319	8.654105	34.467714	14.233422	48.037220
308	2.1278587	0.000499201105	341.561072	320	8.661812	34.467714	14.233422	48.037220
309	2.12785854	0.00023827696	342.631077	321	8.654105	34.467714	14.233422	48.037220
310	2.12785837	0.000186144792	343.697886	322	8.654105	34.467714	14.229569	48.037220
311	2.12785825	0.000220134363	344.7643	323	8.654105	34.467714	14.229569	48.037220
312	2.12785812	0.000486689904	345.831388	324	8.654105	34.467714	14.221863	48.008142
313	2.12785795	0.000168018968	346.897836	325	8.654105	34.467714	14.229569	48.066298
314	2.12785786	0.000177271099	347.964649	326	8.654105	34.467714	14.229569	48.066298
315	2.12785767	0.000252006462	349.0306	327	8.657959	34.467714	14.229569	48.066298
316	2.12785763	0.000734052274	350.097035	328	8.661812	34.467714	14.225716	48.008142
317	2.12785738	0.000248992523	351.16284	329	8.657959	34.467714	14.221863	48.008142
318	2.12785727	0.000149136016	352.229377	330	8.657959	34.467714	14.218009	48.008142
319	2.12785717	0.000187676956	353.295101	331	8.657959	34.467714	14.218009	48.008142
320	2.12785701	0.000259215621	354.361076	332	8.657959	34.467714	14.218009	48.008142
321	2.12785688	0.000375975005	355.426329	333	8.657959	34.467714	14.218009	48.008142
322	2.12785674	0.000149900462	356.49218	334	8.657959	34.467714	14.218009	48.008142
323	2.12785665	0.000237896828	357.557849	335	8.657959	34.467714	14.218009	48.008142
324	2.12785651	0.000269407089	358.623472	336	8.657959	34.467714	14.218009	48.008142
325	2.12785646	0.000592236478	359.689523	337	8.657959	34.467714	14.214156	47.979064
326	2.12785626	0.000199960084	360.755597	338	8.657959	34.467714	14.214156	47.979064
327	2.12785618	0.000137104336	361.822196	339	8.657959	34.467714	14.214156	47.979064
328	2.1278561	0.00016909102	362.888962	340	8.661812	34.467714	14.214156	47.979064
329	2.12785598	0.000418285025	363.957231	341	8.661812	34.467714	14.214156	47.979064
330	2.12785584	0.000201173485	365.023699	342	8.661812	34.467714	14.214156	47.979064
331	2.12785573	0.000144103985	366.090582	343	8.661812	34.467714	14.214156	47.979064
332	2.1278556	0.000232897591	367.15626	344	8.661812	34.467714	14.214156	47.979064
333	2.12785556	0.000493791935	368.222748	345	8.661812	34.467714	14.218009	48.008142
334	2.12785543	0.000196475856	369.289002	346	8.661812	34.467714	14.218009	48.008142
335	2.12785536	0.000134174355	370.35487	347	8.661812	34.467714	14.218009	48.008142
336	2.12785528	0.000181582326	371.420309	348	8.661812	34.467714	14.214156	47.979064
337	2.12785513	0.000289967808	372.488953	349	8.657959	34.438627	14.214156	47.979064
338	2.12785508	0.000630916785	373.555043	350	8.661812	34.467714	14.221863	47.979064
339	2.12785489	0.000169972829	374.620088	351	8.661812	34.467714	14.221863	48.008142
340	2.12785484	0.000126661903	375.685315	352	8.661812	34.467714	14.221863	48.008142
341	2.12785477	0.000136082561	376.751482	353	8.661812	34.467714	14.221863	48.008142
342	2.12785467	0.000361652004	377.817545	354	8.661812	34.467714	14.225716	48.008142
343	2.12785455	0.000218526705	378.884751	355	8.661812	34.467714	14.225716	48.008142
344	2.12785444	0.000138154266	379.953055	356	8.661812	34.467714	14.225716	48.008142
345	2.12785435	0.000208391185	381.021667	357	8.657959	34.438627	14.225716	48.008142
346	2.12785427	0.000221111158	382.089983	358	8.661812	34.438627	14.225716	48.008142
347	2.1278542	0.000166206085	383.156267	359	8.661812	34.438627	14.225716	48.008142
348	2.12785408	0.000227874984	384.223394	360	8.661812	34.438627	14.225716	48.008142
349	2.12785401	0.000184765212	385.288825	361	8.661812	34.438627	14.221863	47.979064
350	2.12785393	0.000162193175	386.354789	362	8.661812	34.438627	14.225716	47.979064
351	2.12785382	0.000407133198	387.420967	363	8.661812	34.438627	14.229569	48.008142
352	2.12785372	0.000177895816	388.486179	364	8.661812	34.438627	14.229569	48.008142
353	2.12785367	0.000140595851	389.5523	365	8.661812	34.438627	14.229569	48.008142
354	2.12785359	0.000153054719	390.618475	366	8.661812	34.438627	14.225716	47.979064
355	2.12785353	0.000223989017	391.684086	367	8.661812	34.438627	14.225716	47.979064
356	2.12785347	0.000153155601	392.750527	368	8.661812	34.438627	14.225716	47.979064
357	2.12785337	0.000136833936	393.816242	369	8.654105	34.438627	14.229569	48.008142
358	2.12785331	0.000242825674	394.882097	370	8.654105	34.438627	14.229569	48.008142
359	2.12785324	0.000169509292	395.947634	371	8.654105	34.438627	14.229569	48.008142
360	2.12785311	0.000194525332	397.013633	372	8.654105	34.438627	14.229569	48.008142
361	2.12785305	0.000346657277	398.080205	373	8.654105	34.438627	14.225716	48.008142
362	2.12785296	0.000145286985	399.146842	374	8.654105	34.438627	14.225716	48.008142
363	2.12785289	0.000138189563	400.212864	375	8.657959	34.438627	14.225716	48.008142
364	2.12785284	0.000145381039	401.279776	376	8.657959	34.438627	14.225716	48.008142
365	2.12785274	0.000263341497	402.344864	377	8.657959	34.438627	14.225716	48.008142
366	2.12785267	0.000173450362	403.41111	378	8.657959	34.438627	14.221863	48.008142
367	2.12785262	0.00010667985	404.476711	379	8.657959	34.438627	14.221863	48.008142
368	2.12785255	0.000121447278	405.541705	380	8.657959	34.438627	14.221863	48.008142
369	2.12785246	0.000203344031	406.606944	381	8.654105	34.438627	14.221863	48.008142
370	2.12785236	0.000174361463	407.675682	382	8.654105	34.438627	14.221863	48.008142
371	2.12785229	0.00018739055	408.741165	383	8.657959	34.438627	14.229569	48.037220
372	2.12785221	0.000134570177	409.808598	384	8.657959	34.438627	14.225716	48.008142
373	2.12785215	0.000150258163	410.875384	385	8.657959	34.438627	14.229569	48.037220
374	2.12785205	0.000147077393	411.973832	386	8.657959	34.438627	14.221863	48.008142
375	2.12785196	0.000214914425	413.143322	387	8.657959	34.438627	14.221863	48.008142
376	2.12785187	0.000141402837	414.295512	388	8.654105	34.438627	14.221863	48.008142
377	2.12785181	0.000144656016	415.448798	389	8.657959	34.438627	14.221863	48.008142
378	2.12785175	0.000193054624	416.578227	390	8.654105	34.438627	14.221863	48.008142
379	2.12785169	0.000123698251	417.717095	391	8.654105	34.438627	14.221863	48.008142
380	2.12785162	0.000128162957	418.819006	392	8.657959	34.438627	14.221863	48.008142
381	2.12785155	0.000202907415	419.887647	393	8.654105	34.438627	14.221863	48.008142
382	2.12785148	0.000136957114	420.985191	394	8.654105	34.438627	14.221863	48.008142
383	2.12785141	0.000134666956	422.051577	395	8.657959	34.438627	14.221863	48.008142
384	2.12785134	0.000176126434	423.118527	396	8.654105	34.438627	14.221863	48.008142
385	2.12785127	0.000177273958	424.184768	397	8.654105	34.438627	14.221863	48.008142
386	2.12785119	0.00014201934	425.250683	398	8.654105	34.438627	14.221863	48.008142
387	2.12785111	0.000135572856	426.316357	399	8.654105	34.438627	14.221863	48.008142
388	2.12785104	0.000324296793	427.383216	400	8.661812	34.438627	14.218009	47.979064
389	2.12785094	0.000139069277	428.449404	401	8.654105	34.438627	14.218009	48.008142
390	2.12785088	0.000129605508	429.515808	402	8.654105	34.438627	14.218009	48.008142
391	2.12785078	0.000190143776	430.582074	403	8.654105	34.438627	14.218009	48.008142
392	2.12785077	0.000363107707	431.649668	404	8.654105	34.438627	14.218009	48.008142
393	2.12785068	0.000124396017	432.722592	405	8.654105	34.438627	14.218009	48.008142
394	2.12785064	9.39175382e-05	433.789412	406	8.654105	34.438627	14.218009	48.008142
395	2.12785058	0.000126997166	434.855825	407	8.654105	34.438627	14.218009	48.008142
396	2.12785052	0.000286449587	435.921404	408	8.661812	34.438627	14.221863	48.008142
397	2.12785043	0.000142487655	436.988478	409	8.661812	34.438627	14.221863	48.008142
398	2.12785036	0.00011785012	438.05355	410	8.657959	34.438627	14.221863	48.008142
399	2.12785029	0.000224981092	439.11975	411	8.657959	34.438627	14.218009	48.008142
400	2.12785022	0.00016406059	440.186509	412	8.657959	34.438627	14.218009	48.008142
401	2.12785016	0.000155793781	441.284158	413	8.657959	34.438627	14.218009	48.008142
402	2.12785004	0.000233051433	442.354538	414	8.657959	34.438627	14.221863	48.008142
403	2.12784998	0.000274857247	443.422258	415	8.657959	34.438627	14.225716	48.008142
404	2.1278499	0.000149668543	444.489527	416	8.657959	34.438627	14.225716	48.008142
405	2.12784983	0.000113010006	445.557331	417	8.657959	34.438627	14.225716	48.008142
406	2.12784977	0.000122474007	446.624948	418	8.657959	34.438627	14.225716	48.008142
407	2.1278497	0.000406710792	447.692154	419	8.657959	34.438627	14.225716	48.008142
408	2.1278496	0.000139159878	448.758717	420	8.657959	34.438627	14.225716	48.008142
409	2.12784955	0.000108221108	449.826927	421	8.657959	34.438627	14.225716	48.008142
410	2.12784948	0.00015539549	450.894168	422	8.657959	34.438627	14.225716	48.008142
411	2.12784944	0.000419293418	451.976678	423	8.657959	34.438627	14.221863	48.008142
412	2.12784935	0.000174508345	453.057953	424	8.657959	34.438627	14.225716	48.008142
413	2.12784928	0.000119953557	454.124727	425	8.657959	34.438627	14.225716	48.008142
414	2.12784922	0.000140192059	455.1964	426	8.657959	34.438627	14.221863	48.008142
415	2.12784915	0.00031919515	456.26413	427	8.657959	34.438627	14.225716	48.037220
416	2.12784908	0.000134104967	457.332893	428	8.657959	34.438627	14.221863	48.008142
417	2.12784904	9.36131233e-05	458.398897	429	8.657959	34.438627	14.221863	48.008142
418	2.12784898	0.000148762974	459.464834	430	8.657959	34.438627	14.225716	48.008142
419	2.12784893	0.000196107684	460.53151	431	8.657959	34.438627	14.225716	48.008142
420	2.12784887	0.000141920166	461.598504	432	8.657959	34.438627	14.225716	48.008142
421	2.12784878	0.000119088625	462.664089	433	8.657959	34.438627	14.225716	48.008142
422	2.12784872	0.000146164347	463.729287	434	8.657959	34.438627	14.225716	48.008142
423	2.12784865	0.000163144333	464.796966	435	8.661812	34.438627	14.225716	48.008142
424	2.1278486	0.000136661935	465.863819	436	8.661812	34.438627	14.225716	48.008142
425	2.12784856	0.000116089702	466.929622	437	8.657959	34.438627	14.225716	48.008142
426	2.1278485	0.000110982041	467.994312	438	8.657959	34.438627	14.225716	48.008142
427	2.12784846	0.000283077253	469.060944	439	8.657959	34.438627	14.225716	48.008142
428	2.1278484	0.000124480366	470.126871	440	8.657959	34.438627	14.225716	48.008142
429	2.12784835	9.11447618e-05	471.192627	441	8.657959	34.438627	14.221863	48.008142
430	2.12784831	0.00010320285	472.259155	442	8.657959	34.438627	14.221863	48.008142
431	2.1278483	0.000400555819	473.324904	443	8.657959	34.438627	14.225716	48.008142
432	2.12784823	0.000102551688	474.393666	444	8.657959	34.438627	14.225716	48.008142
433	2.12784821	7.03207191e-05	475.459001	445	8.657959	34.438627	14.225716	48.008142
434	2.12784817	0.000114590735	476.527331	446	8.657959	34.438627	14.225716	48.008142
435	2.12784811	0.000215329338	477.594998	447	8.657959	34.438627	14.221863	47.979064
436	2.12784805	0.000145776512	478.666539	448	8.657959	34.438627	14.225716	48.008142
437	2.12784802	8.31173043e-05	479.734605	449	8.657959	34.438627	14.225716	48.008142
438	2.12784798	0.000110273595	480.800749	450	8.657959	34.438627	14.225716	48.008142
439	2.12784796	0.000117855276	481.868052	451	8.657959	34.438627	14.225716	48.008142
440	2.12784794	8.08858523e-05	482.938067	452	8.661812	34.467714	14.225716	48.008142
441	2.12784789	7.93987267e-05	484.012091	453	8.661812	34.467714	14.225716	48.008142
442	2.12784787	0.000215887614	485.080427	454	8.661812	34.467714	14.225716	48.008142
443	2.12784785	0.00010725722	486.147088	455	8.661812	34.467714	14.221863	48.008142
444	2.12784782	5.808819e-05	487.214675	456	8.661812	34.467714	14.221863	48.008142
445	2.12784781	6.56323418e-05	488.282361	457	8.661812	34.467714	14.221863	48.008142
446	2.12784778	0.000158769397	489.349866	458	8.661812	34.467714	14.225716	48.008142
447	2.12784775	8.1688988e-05	490.415525	459	8.661812	34.467714	14.225716	48.008142
448	2.12784774	5.06070077e-05	491.482351	460	8.661812	34.467714	14.225716	48.008142
449	2.12784772	7.80509137e-05	492.548963	461	8.661812	34.467714	14.225716	48.008142
450	2.12784772	0.000126518429	493.614974	462	8.661812	34.467714	14.225716	48.008142
451	2.1278477	5.72076679e-05	494.680547	463	8.661812	34.467714	14.225716	48.008142
452	2.12784769	5.61634617e-05	495.74693	464	8.661812	34.467714	14.225716	48.008142
453	2.12784768	5.76720301e-05	496.817881	465	8.661812	34.467714	14.225716	48.008142
454	2.12784767	9.07633729e-05	498.963439	467	8.661812	34.467714	14.225716	48.008142
455	2.12784765	3.8988709e-05	500.032625	468	8.661812	34.467714	14.225716	48.008142
Optimization converged with status CONVERGED_GTTOL.
Total CPU time: 492.5 seconds 
Total wallclock time: 500.033 seconds 
Objective/gradient CPU time: 491.13 seconds 
Objective/gradient wallclock time: 498.571 seconds 
