3 machines found
login-1.extreme.acer.uic.edu
login-1.extreme.acer.uic.edu
login-1.extreme.acer.uic.edu
CRF loss
Parsing training data: ../data/train_petsc.txt
Parsing test data: ../data/test_petsc.txt
Data loading completed
====================  Summary of settings =================
Training data: ../data/train_petsc.txt
Test data: ../data/test_petsc.txt
loss: CRF, lambda: 1.000000e-02, Processors: 3
dim: 129, classes: 26
Train: #word=3438, #letter=25953
Test: #word=3439, #letter=26198
===========================================================
iter func.val gap time feval.num nfuncs train_lett_err train_word_err test_lett_err test_word_err
0 24.5949329 4.55704418 0.466354847 1 92.309174 100.000000 93.091357 100.000000
1 20.2740604 5.06696931 1.88412094 3 71.379031 100.000000 72.095711 100.000000
2 17.471194 3.6147557 2.59765887 4 66.593457 99.825480 66.940238 99.883687
3 15.3924279 2.63337419 3.31103992 5 53.300197 97.614892 53.851193 97.644664
4 13.3794685 2.08489104 4.05051184 6 45.339652 96.160558 46.006242 95.318407
5 11.2640537 2.44401997 4.78593779 7 39.594652 91.884817 40.723616 92.352428
6 9.93827489 1.14737933 5.50155878 8 33.949832 87.347295 35.005587 87.932539
7 9.47312125 0.845370701 6.22207975 9 31.822911 84.816754 32.867106 85.838907
8 8.77032297 0.837325171 6.93488073 10 28.775093 80.948226 30.123685 82.523990
9 8.33731799 1.47707741 7.66899681 11 27.411089 78.068645 28.601703 78.918290
10 7.95106066 0.705317986 8.40186477 12 24.767850 73.676556 26.235888 75.225356
11 7.75440331 0.529530311 9.12396073 13 24.039610 73.414776 25.411320 74.207618
12 7.45916003 0.547207163 9.8446877 14 22.640928 70.680628 24.062729 72.579238
13 7.20266078 0.736429661 10.5636547 15 21.631411 69.313554 23.145686 71.474266
14 7.0251251 0.594111417 11.2897537 16 20.248141 66.404887 21.727739 69.642338
15 6.91492444 0.322424213 12.0057895 17 19.781913 65.503200 21.515817 68.886304
16 6.81382599 0.29486359 12.7226715 18 19.072940 63.030832 21.045737 68.130270
17 6.74667697 0.414305141 13.4434247 19 18.876430 62.390925 20.756753 66.443734
18 6.66614675 0.305977265 14.1636426 20 18.121219 59.918557 20.201903 64.437336
19 6.60159246 0.202376271 14.8932636 21 17.616461 59.045957 19.758795 63.681303
20 6.54642481 0.236619921 15.6355674 22 17.069318 57.504363 19.211652 62.692643
21 6.52515604 0.372882014 16.3598955 23 17.050052 57.155323 19.234771 63.012504
22 6.49470876 0.14458067 17.0765464 24 16.880515 56.951716 18.972758 62.198313
23 6.47832286 0.129789981 17.7969654 25 16.753362 56.748109 18.980465 62.227392
24 6.45804326 0.141281534 18.5312283 26 16.633915 56.544503 18.706893 61.325967
25 6.44890758 0.228481413 19.9990723 28 16.556853 56.137289 18.610565 61.151498
26 6.43576725 0.111086074 20.7276704 29 16.441259 55.933682 18.537356 60.889794
27 6.42731804 0.0863212347 21.4484336 30 16.290988 55.526469 18.383231 60.569933
28 6.41803866 0.11294666 22.1835167 31 16.079066 55.031995 18.186722 60.133760
29 6.41150169 0.109774387 22.9178307 32 15.932647 54.653869 18.090394 59.726665
30 6.40686669 0.062282596 23.6691597 33 15.878704 54.508435 18.152044 59.842978
31 6.40320706 0.0631792523 24.3947117 34 15.840173 54.363002 18.074982 59.523117
32 6.40052308 0.0685688654 25.1191218 35 15.828613 54.246655 18.059569 59.552195
33 6.39742244 0.0550862486 25.8378098 36 15.770816 54.304828 18.005626 59.494039
34 6.39544245 0.0680216079 26.5578427 37 15.747698 54.043048 17.943976 59.377726
35 6.39376175 0.0344120249 27.2761099 38 15.728432 54.130308 17.990213 59.552195
36 6.39260959 0.030480521 28.0045691 39 15.705313 53.926702 17.982507 59.377726
37 6.39180717 0.0402426655 28.729212 40 15.659076 53.635835 17.924710 59.319570
38 6.39098903 0.0284450612 29.462791 41 15.643664 53.694008 18.009479 59.319570
39 6.39041656 0.0262276112 30.1953578 42 15.628251 53.606748 17.959388 59.174179
40 6.38987268 0.0210494882 30.9244769 43 15.651370 53.577661 17.955535 59.232335
41 6.38956696 0.0178095572 31.6448469 44 15.651370 53.606748 17.932416 59.203257
42 6.38922919 0.0164853687 32.3673429 45 15.628251 53.461315 17.913151 59.319570
43 6.38904204 0.0451391026 33.08885 46 15.639810 53.577661 17.955535 59.203257
44 6.38871818 0.0167204618 33.8131371 47 15.643664 53.694008 17.943976 59.203257
45 6.38864177 0.010854262 34.5323341 48 15.682195 53.781268 17.940123 59.319570
46 6.38853151 0.00971016145 35.264261 49 15.682195 53.810355 17.936269 59.377726
47 6.38838345 0.0186252611 35.9836831 50 15.662929 53.781268 17.920857 59.348648
48 6.38829065 0.0130237361 36.7028222 51 15.682195 53.810355 17.913151 59.290491
49 6.38824076 0.00689084172 37.4343262 52 15.682195 53.810355 17.940123 59.319570
50 6.38819421 0.00590566215 38.1690762 53 15.662929 53.781268 17.932416 59.319570
51 6.38815309 0.00638967946 38.90452 54 15.651370 53.810355 17.932416 59.319570
52 6.38813027 0.0227718811 39.633805 55 15.639810 53.752182 17.936269 59.319570
53 6.38805279 0.00652128146 40.367975 56 15.628251 53.781268 17.882326 59.232335
54 6.38803453 0.00445047737 41.09092 57 15.624398 53.752182 17.882326 59.261413
Optimization converged with status CONVERGED_GTTOL.
Total CPU time: 40.12 seconds 
Total wallclock time: 41.0909 seconds 
Objective/gradient CPU time: 39.98 seconds 
Objective/gradient wallclock time: 40.8631 seconds 
