3 machines found
login-1.extreme.acer.uic.edu
login-1.extreme.acer.uic.edu
login-1.extreme.acer.uic.edu
CRF loss
Parsing training data: ../data/train_petsc.txt
Parsing test data: ../data/test_petsc.txt
Data loading completed
====================  Summary of settings =================
Training data: ../data/train_petsc.txt
Test data: ../data/test_petsc.txt
loss: CRF, lambda: 1.000000e-06, Processors: 3
dim: 129, classes: 26
Train: #word=3438, #letter=25953
Test: #word=3439, #letter=26198
===========================================================
iter func.val gap time feval.num nfuncs train_lett_err train_word_err test_lett_err test_word_err
0 24.5949329 4.55704418 0.471580029 1 92.309174 100.000000 93.091357 100.000000
1 20.2606038 5.09812751 1.94912004 3 71.379031 100.000000 72.095711 100.000000
2 17.4232304 3.66158164 2.70418 4 66.662814 99.825480 67.013447 99.883687
3 15.2967118 2.6726865 3.43614817 5 53.442762 97.673066 54.024583 97.731899
4 13.1951854 2.13545317 4.17984605 6 45.397449 96.160558 46.094864 95.347485
5 10.8518578 2.52623401 4.93608022 7 39.702539 91.855730 40.827650 92.294272
6 9.2647298 1.17423885 5.67539811 8 33.791855 87.056428 34.963203 87.641756
7 8.67143934 0.878230379 6.41052723 9 31.510808 84.293194 32.601241 85.199186
8 7.78939031 0.853620176 7.14168525 10 28.543906 80.453752 29.611220 81.942425
9 7.16183518 1.5429655 7.86997223 11 27.122105 77.225131 28.362810 77.958709
10 6.6362783 0.733384317 8.67216206 12 24.544369 72.803956 25.823604 74.411166
11 6.37244685 0.543908994 9.42698121 13 23.650445 71.931355 24.848765 73.015411
12 5.87935327 0.61642113 10.1642442 14 22.220938 69.342641 23.669711 72.055830
13 5.38954483 0.844265602 10.8914351 15 21.072708 67.248400 22.648634 70.485606
14 5.00769429 0.72403194 11.6203151 16 20.394559 65.881326 22.251763 70.020355
15 4.75542202 0.389639998 12.347877 17 19.311833 63.728912 21.165183 67.374237
16 4.52284067 0.365307892 13.1075542 18 18.552768 61.111111 20.383000 65.193370
17 4.31573686 0.389044109 13.9147563 19 17.762879 58.813264 19.805032 63.477755
18 4.10081133 0.715662778 14.6472292 20 17.635726 58.260617 20.209610 63.390521
19 3.84437708 0.306978068 15.3732171 21 16.344931 55.090169 19.223211 61.151498
20 3.72266404 0.251729855 16.1691411 22 16.079066 54.450262 18.826340 60.889794
21 3.60606373 0.373054468 16.9733732 23 15.859438 53.403141 18.803221 61.209654
22 3.48687577 0.343764681 17.7117782 24 15.582014 52.879581 18.367819 60.162838
23 3.39372561 0.258954683 18.4317212 25 15.208261 52.065154 18.044157 59.784821
24 3.21302306 0.230891107 19.2100821 26 14.553231 50.087260 17.454630 57.603955
25 3.12361246 0.398170622 20.003103 27 14.225716 49.272833 17.670404 57.807502
26 3.02908333 0.209114764 20.8008299 28 13.693985 47.702152 17.038493 56.150044
27 2.95132946 0.176747524 21.5954049 29 13.231611 46.451425 16.745656 55.015993
28 2.86470933 0.231479384 22.3540478 30 12.896390 45.782432 16.483644 54.318116
29 2.79589447 0.411171325 23.1019258 31 12.842446 45.607912 16.541440 53.911021
30 2.71575148 0.16239347 23.8726599 32 12.514931 44.938918 16.298694 53.445769
31 2.6737693 0.134491808 24.621953 33 12.329981 44.822571 16.148422 53.300378
32 2.63067448 0.215342165 25.374784 34 12.172003 44.095404 16.055947 52.776970
33 2.58006535 0.252648693 26.1022482 35 12.025585 44.240838 16.079066 53.184065
34 2.53043234 0.149484374 26.8376701 36 11.825223 43.397324 16.005857 53.154987
35 2.47826575 0.147907083 27.6109602 37 11.732748 43.019197 15.975032 52.573423
36 2.44371105 0.151392188 28.3481462 38 11.609448 42.611984 15.936501 52.311719
37 2.40192471 0.170682027 29.0941172 39 11.293492 41.739383 15.944207 52.108171
38 2.36509332 0.122173412 29.834985 40 11.370554 41.681210 15.709167 51.497528
39 2.33458015 0.129803658 30.632596 41 11.174045 40.779523 15.674488 51.032277
40 2.31244406 0.189600455 31.444124 42 11.089277 40.605003 15.585867 50.857808
41 2.28980533 0.106751022 32.2490718 43 11.016068 40.168703 15.535776 50.828729
42 2.25568739 0.120274933 32.9973559 44 11.043039 40.430483 15.497245 51.119511
43 2.22812246 0.123955853 33.7965651 45 10.765615 40.052356 15.531923 51.090433
44 2.19356142 0.246489328 34.6002738 46 10.495896 39.848749 15.439448 51.090433
45 2.16360424 0.129697075 35.325928 47 10.468925 39.732403 15.593573 51.293981
46 2.14896876 0.0694541309 36.087455 48 10.399568 39.354276 15.420183 50.974120
47 2.13312873 0.0684198266 36.867449 49 10.337919 39.121582 15.266058 50.770573
48 2.1107857 0.103186341 37.6861222 50 10.206912 38.772542 15.281470 50.683338
49 2.08799355 0.158162466 38.4876292 51 10.141409 38.394415 15.350826 50.770573
50 2.06817464 0.0933658415 39.2784681 52 10.203059 38.598022 15.343120 51.061355
51 2.05715202 0.0706438972 40.0765841 53 10.141409 38.307155 15.231380 51.003199
52 2.04310686 0.0771222078 40.870434 54 10.033522 38.103549 15.242939 50.770573
53 2.03761081 0.207733741 41.669605 55 10.075906 38.598022 15.281470 50.857808
54 2.02361125 0.0878405155 42.4015341 56 10.006550 38.510762 15.285323 50.683338
55 2.01102281 0.0692154127 43.143646 57 9.894810 37.929029 15.212114 50.741495
56 2.00049926 0.0801252678 43.9265859 58 9.786923 37.725422 15.158171 50.683338
57 1.98814379 0.109538814 44.7260931 59 9.702154 37.376382 15.188995 50.479791
58 1.97506119 0.0857474297 45.4497862 60 9.756098 37.405468 15.104227 50.450712
59 1.9661399 0.0612053597 46.1918852 61 9.628945 37.230948 15.069549 50.334400
60 1.95181353 0.0637998526 47.0066543 62 9.528764 36.940081 14.957808 49.752835
61 1.93992616 0.101646366 47.7591562 63 9.555735 36.881908 14.984780 49.869148
62 1.9257594 0.0676809642 48.4908783 64 9.628945 37.230948 14.923130 49.432975
63 1.91557675 0.0698208215 49.2756174 65 9.524910 37.143688 14.911571 49.462053
64 1.90800583 0.0536373966 50.0753455 66 9.490232 36.969168 14.930837 49.549288
65 1.90053078 0.0485242269 50.8706865 67 9.409317 36.823735 14.961661 49.549288
66 1.89265783 0.156171895 51.6068726 68 9.351520 36.242001 15.031018 49.781913
67 1.88126168 0.0629503929 52.3457596 69 9.247486 36.271088 14.957808 49.898226
68 1.87475807 0.0586106187 53.0815866 70 9.270605 36.503781 14.973221 49.927304
69 1.86450529 0.0618001931 53.8358226 71 9.174277 36.271088 14.961661 50.043617
70 1.8594768 0.0907311177 55.2978616 73 9.058683 35.980221 14.969368 49.810992
71 1.85298 0.0588470335 56.0766957 74 9.039417 35.834788 14.973221 49.694679
72 1.8447498 0.0402876098 56.8935745 75 8.896852 35.718441 14.888452 49.578366
73 1.83935923 0.0545507794 57.6887155 76 8.885293 35.427574 14.861480 49.607444
74 1.83338059 0.050297813 58.4773877 77 8.777405 35.078534 14.923130 50.014539
75 1.82723459 0.0514261329 59.2630117 78 8.761993 35.223967 14.865333 49.869148
76 1.81974921 0.0447735127 60.0759158 79 8.634840 34.729494 14.907718 49.927304
77 1.81289888 0.0431294192 60.8459527 80 8.600162 34.584061 14.865333 49.665600
78 1.80979452 0.124710796 61.5849886 81 8.812083 35.136707 14.834509 49.549288
79 1.80336299 0.0355016891 62.3648136 82 8.696490 34.787667 14.923130 49.491131
80 1.80091306 0.033607264 63.1035185 83 8.607868 34.613147 14.926983 49.578366
81 1.79594384 0.0491444433 63.8412495 84 8.619427 34.554974 14.907718 49.607444
82 1.78990724 0.084753056 64.6131034 85 8.596309 34.264107 14.869187 49.781913
83 1.78370826 0.0551625329 65.4097505 86 8.584749 34.176847 14.788271 49.898226
84 1.78004185 0.0308184119 66.2091603 87 8.561631 34.147760 14.795977 49.781913
85 1.77591231 0.0352858608 66.9647775 88 8.623281 34.176847 14.792124 49.607444
86 1.77290735 0.0498311343 67.7462733 89 8.557778 34.176847 14.730474 49.781913
87 1.76883302 0.0342688021 68.4859073 90 8.565484 34.060500 14.799830 49.636522
88 1.76340459 0.034809837 69.2242792 91 8.492274 33.653287 14.857627 49.578366
89 1.75984108 0.0735001706 69.9993002 92 8.542365 33.885980 14.830655 49.578366
90 1.75564601 0.0315805667 70.7376413 93 8.492274 33.536940 14.807537 49.432975
91 1.75289028 0.0285042112 71.4753463 94 8.476862 33.711460 14.842215 49.607444
92 1.74959432 0.0344610267 72.2225344 95 8.457596 33.798720 14.834509 49.665600
93 1.74770297 0.101821641 72.9953954 96 8.488421 34.118674 14.884599 49.403896
94 1.7431845 0.0336927081 73.7361293 97 8.480715 34.031414 14.742034 49.316662
95 1.74081161 0.0239096706 74.5428841 98 8.469156 33.944154 14.757446 49.374818
96 1.73876441 0.0287098779 75.285192 99 8.484568 34.060500 14.769006 49.113114
97 1.73528627 0.0449877263 76.0210721 100 8.546218 34.205934 14.792124 49.287584
98 1.7321679 0.0503314399 76.7796631 101 8.473009 34.147760 14.900012 49.549288
99 1.72937074 0.0233975422 77.523627 102 8.461450 34.002327 14.896158 49.491131
100 1.72747438 0.0255139981 78.2843261 103 8.492274 33.915067 14.838362 49.345740
101 1.72507717 0.0348218871 79.0333931 104 8.496128 33.769634 14.830655 49.171271
102 1.72360283 0.0919216864 79.7770362 105 8.530806 34.118674 14.753593 48.938645
103 1.72035467 0.0270014174 80.5512202 106 8.380534 33.944154 14.799830 48.996801
104 1.71888386 0.0210510649 81.2921822 107 8.376681 33.711460 14.857627 49.113114
105 1.7174028 0.0262811645 82.0436072 108 8.338150 33.711460 14.842215 49.171271
106 1.71485682 0.051292082 82.8697603 109 8.365122 33.653287 14.807537 48.967723
107 1.71187582 0.029970666 83.6117241 110 8.307325 33.536940 14.795977 48.967723
108 1.70979979 0.0200754292 84.3627651 111 8.295765 33.653287 14.788271 49.113114
109 1.70690094 0.0288150724 85.1037822 112 8.372828 33.711460 14.811390 49.403896
110 1.70575695 0.0588489801 85.9042251 113 8.361268 33.856894 14.822949 49.345740
111 1.70337759 0.0269464604 86.7202032 114 8.349709 33.653287 14.784418 49.316662
112 1.70134775 0.0199887291 87.4934723 115 8.307325 33.304247 14.761299 49.258505
113 1.69971992 0.0243937533 88.3027701 116 8.315031 33.478767 14.792124 49.258505
114 1.69715442 0.0604921057 89.1069171 117 8.349709 33.275160 14.873040 49.316662
115 1.69463372 0.026930924 89.904629 118 8.361268 33.362420 14.923130 49.432975
116 1.69331952 0.0173521013 90.7087948 119 8.353562 33.362420 14.907718 49.432975
117 1.69164676 0.0218254958 91.5171957 120 8.322737 33.333333 14.857627 49.316662
118 1.69043041 0.0313392909 92.2891798 121 8.338150 33.391507 14.888452 49.549288
119 1.68881353 0.0213825763 93.0970459 122 8.345856 33.391507 14.849921 49.549288
120 1.68606863 0.0226351411 93.905863 123 8.395947 33.391507 14.961661 49.781913
121 1.68525687 0.0507059406 94.7078471 124 8.299619 33.333333 14.946249 49.752835
122 1.68380092 0.0220344897 95.4809921 125 8.368975 33.420593 14.946249 49.694679
123 1.68252086 0.0158763246 96.226191 126 8.392093 33.449680 14.911571 49.549288
124 1.68141967 0.0212817648 96.987968 127 8.395947 33.478767 14.950102 49.665600
125 1.67910605 0.0284217987 97.8007991 128 8.399800 33.536940 14.950102 49.578366
126 1.6779333 0.0396905586 99.3976002 130 8.384387 33.478767 14.884599 49.491131
127 1.67630473 0.0204497061 100.18977 131 8.349709 33.333333 14.911571 49.549288
128 1.67498726 0.0169697623 100.993294 132 8.322737 33.275160 14.950102 49.723757
129 1.67350023 0.0273519352 101.729082 133 8.284206 33.187900 15.065696 49.898226
130 1.67207433 0.0202275812 102.488834 134 8.249528 33.042467 15.034871 49.840070
131 1.67072782 0.0202869621 103.329004 135 8.291912 33.187900 14.984780 49.694679
132 1.66954914 0.0245259555 104.129186 136 8.276500 33.333333 14.992486 49.781913
133 1.66853918 0.0189101701 104.931114 137 8.280353 33.362420 14.961661 49.723757
134 1.66685911 0.0167653255 105.732898 138 8.303472 33.420593 14.988633 49.752835
135 1.66593417 0.0287287476 106.496628 139 8.295765 33.420593 14.957808 49.694679
136 1.66489303 0.0176917395 107.282726 140 8.280353 33.391507 14.961661 49.781913
137 1.66378353 0.0141630482 108.033433 141 8.218703 33.304247 14.969368 49.869148
138 1.66310368 0.0184023827 108.77287 142 8.199437 33.158813 14.988633 49.869148
139 1.66200319 0.014808357 109.572718 143 8.191731 33.129727 15.004046 49.781913
140 1.660919 0.0385780969 110.39319 144 8.203291 32.838860 15.007899 49.927304
141 1.65937078 0.0150752607 111.208259 145 8.222556 32.780686 14.984780 49.927304
142 1.65840915 0.0128573605 112.017109 146 8.203291 32.693426 15.004046 50.014539
143 1.65737809 0.0181973842 112.7609 147 8.176319 32.606166 14.988633 50.043617
144 1.65673648 0.0463660566 113.556127 148 8.218703 32.751600 15.031018 50.247165
145 1.65543365 0.0153823651 114.358339 149 8.137788 32.518906 15.042577 50.218087
146 1.65479041 0.0125852251 115.173927 150 8.141641 32.489820 15.034871 50.189008
147 1.65403827 0.016491809 115.977825 151 8.137788 32.577080 15.084961 50.305321
148 1.65318535 0.0314566784 116.777804 152 8.133934 32.635253 15.000193 49.985461
149 1.65213694 0.015402723 117.580575 153 8.149347 32.751600 15.077255 50.159930
150 1.65140742 0.0114061123 118.390211 154 8.187878 32.693426 15.061843 50.043617
151 1.65066614 0.0154926825 119.205139 155 8.157053 32.606166 15.042577 50.130852
152 1.65002483 0.0333359555 119.957772 156 8.172466 32.780686 15.054136 50.130852
153 1.64913575 0.0123165909 120.700588 157 8.130081 32.635253 15.046430 50.189008
154 1.648514 0.013534836 121.439511 158 8.103109 32.664340 15.073402 50.276243
155 1.64783734 0.0154331234 122.224693 159 8.141641 32.780686 15.050283 50.189008
156 1.64689784 0.0346163466 122.970015 160 8.122375 32.867946 15.034871 50.101774
157 1.64581707 0.0150595994 123.714385 161 8.141641 32.955207 15.046430 50.043617
158 1.64527352 0.0101074104 124.517559 162 8.145494 32.926120 15.015605 50.014539
159 1.64461378 0.0117535025 125.319079 163 8.122375 32.809773 15.015605 50.014539
160 1.64408861 0.0230168039 126.107282 164 8.126228 32.664340 15.057989 49.927304
161 1.64339464 0.0142192795 126.864989 165 8.087697 32.547993 15.069549 49.956383
162 1.64264533 0.011330906 127.624509 166 8.049166 32.518906 15.077255 49.985461
163 1.64211404 0.0143238348 128.42353 167 8.060725 32.577080 15.100374 50.072696
164 1.64135422 0.0226712379 129.221759 168 8.068431 32.693426 15.081108 49.956383
165 1.64067159 0.0115848937 130.027183 169 8.049166 32.431646 15.096521 50.189008
166 1.64014806 0.0122113835 130.82835 170 8.064578 32.489820 15.084961 50.101774
167 1.63959025 0.0129688426 131.629475 171 8.022194 32.373473 15.100374 50.014539
168 1.63921709 0.0398883252 132.452347 172 8.087697 32.606166 15.108080 50.014539
169 1.63827668 0.0123047543 133.256634 173 8.049166 32.518906 15.119639 50.043617
170 1.63783074 0.0107604499 134.042289 174 7.975957 32.344386 15.162024 50.159930
171 1.63733903 0.0133873471 134.775712 175 7.972103 32.431646 15.165877 50.130852
172 1.63668082 0.0259720182 135.514258 176 7.972103 32.518906 15.208261 50.276243
173 1.63598092 0.0126574734 136.321878 177 7.987516 32.489820 15.215967 50.247165
174 1.63555885 0.00899912296 137.064272 178 7.975957 32.460733 15.181289 50.159930
175 1.63489347 0.0132205902 137.802885 179 7.987516 32.460733 15.154317 50.159930
176 1.63451448 0.0213548206 138.543961 180 8.006781 32.547993 15.111933 50.159930
177 1.63397087 0.0121776407 139.354161 181 8.006781 32.606166 15.131199 50.189008
178 1.63333002 0.00939956852 140.159157 182 8.029900 32.664340 15.192849 50.276243
179 1.63291519 0.0109746412 140.959241 183 7.983663 32.460733 15.192849 50.247165
180 1.63247645 0.0202603878 142.494621 185 7.968250 32.722513 15.227527 50.421634
181 1.63187665 0.00872732232 143.275813 186 7.937425 32.577080 15.246792 50.479791
182 1.63149277 0.00782638362 144.034856 187 7.906600 32.518906 15.235233 50.334400
183 1.63088379 0.0165745206 144.78134 188 7.960544 32.635253 15.215967 50.508869
184 1.63046928 0.0214234872 145.559567 189 8.002928 32.606166 15.192849 50.305321
185 1.6299895 0.0111116768 146.295514 190 7.991369 32.635253 15.204408 50.305321
186 1.62939365 0.00977298525 147.103553 191 7.995222 32.547993 15.212114 50.218087
187 1.62901762 0.0102881636 147.902979 192 7.964397 32.460733 15.235233 50.247165
188 1.62875045 0.0286018779 148.640262 193 7.960544 32.431646 15.331561 50.450712
189 1.62809214 0.00817222754 149.380912 194 7.937425 32.344386 15.285323 50.508869
190 1.62788574 0.00705229961 150.157804 195 7.952838 32.518906 15.289177 50.450712
191 1.62757738 0.00906651186 150.949352 196 7.968250 32.664340 15.262205 50.392556
192 1.6272256 0.0238998815 151.750047 197 8.002928 32.606166 15.227527 50.218087
193 1.62672003 0.011558642 152.554076 198 7.991369 32.518906 15.242939 50.189008
194 1.6262763 0.00783289405 153.352562 199 7.991369 32.664340 15.227527 50.043617
195 1.62591705 0.0101138346 154.153914 200 8.029900 32.809773 15.293030 50.159930
196 1.62567312 0.0179883595 154.957063 201 8.068431 32.926120 15.212114 49.985461
197 1.6252682 0.00753912007 155.744086 202 8.049166 32.780686 15.196702 49.956383
198 1.62499682 0.0076019467 156.540873 203 8.026047 32.693426 15.235233 49.985461
199 1.62467919 0.00923977483 157.292017 204 8.029900 32.780686 15.196702 50.014539
200 1.62421132 0.020764418 158.024099 205 7.999075 32.577080 15.208261 50.276243
201 1.62369755 0.0107940839 158.80176 206 8.064578 32.751600 15.239086 50.363478
202 1.62343013 0.0068460179 159.540065 207 8.076138 32.809773 15.196702 50.247165
203 1.62314076 0.00713520258 160.29129 208 8.029900 32.664340 15.200555 50.218087
204 1.62291685 0.0114956234 161.028667 209 8.056872 32.780686 15.254499 50.189008
205 1.62261523 0.00775546728 161.782135 210 8.053019 32.722513 15.254499 50.218087
206 1.62218629 0.00790552987 162.573476 211 7.991369 32.547993 15.235233 50.130852
207 1.62192638 0.0167928335 163.369273 212 8.014488 32.664340 15.192849 50.159930
208 1.62159075 0.00830261103 164.107539 213 7.999075 32.518906 15.223674 50.276243
209 1.62126214 0.00673838293 164.915848 214 7.987516 32.460733 15.204408 50.334400
210 1.6210112 0.00910010153 165.719077 215 7.983663 32.373473 15.215967 50.537947
211 1.62074507 0.0120204402 166.519234 216 7.914307 32.286213 15.173583 50.421634
212 1.62047433 0.00737840934 167.275757 217 7.925866 32.402560 15.196702 50.334400
213 1.62017429 0.00783996218 168.01161 218 7.945132 32.373473 15.154317 50.159930
214 1.61993138 0.011866076 168.741203 219 7.906600 32.286213 15.162024 50.189008
215 1.6196284 0.00811346294 169.491594 220 7.941278 32.315300 15.146611 50.189008
216 1.61936388 0.00739781154 170.306227 221 7.929719 32.373473 15.169730 50.247165
217 1.61908716 0.0079278534 171.11589 222 7.925866 32.431646 15.196702 50.247165
218 1.61887699 0.00865567983 171.92333 223 7.875775 32.373473 15.212114 50.421634
219 1.61864829 0.00682546769 172.728263 224 7.895041 32.431646 15.204408 50.421634
220 1.61836651 0.011074518 173.554021 225 7.875775 32.373473 15.177436 50.218087
221 1.61817373 0.0126508946 174.35488 226 7.868069 32.315300 15.142758 50.276243
222 1.61797588 0.00689620935 175.164412 227 7.883482 32.344386 15.146611 50.189008
223 1.61779088 0.00518321303 175.978328 228 7.898894 32.431646 15.135052 50.101774
224 1.61762474 0.0069867972 176.750543 229 7.918160 32.518906 15.146611 50.101774
225 1.61741569 0.0183830024 177.557703 230 7.895041 32.489820 15.200555 50.247165
226 1.61713663 0.00625145026 178.360764 231 7.952838 32.577080 15.215967 50.276243
227 1.61699905 0.00626511223 179.094373 232 7.933572 32.489820 15.212114 50.276243
228 1.61677607 0.00755447124 179.840828 233 7.975957 32.577080 15.196702 50.305321
229 1.61651513 0.0129205807 180.579437 234 7.929719 32.431646 15.231380 50.363478
230 1.61623464 0.00755243864 181.318295 235 7.979810 32.606166 15.223674 50.421634
231 1.61604685 0.00489231881 182.056504 236 7.968250 32.577080 15.231380 50.392556
232 1.61581164 0.00666878442 182.792578 237 7.960544 32.460733 15.215967 50.450712
233 1.615705 0.0143967515 183.530209 238 8.010635 32.489820 15.246792 50.508869
234 1.61552918 0.006723457 184.275903 239 7.987516 32.431646 15.208261 50.450712
235 1.61534173 0.00494514744 185.029444 240 7.937425 32.402560 15.212114 50.508869
236 1.61521754 0.00613367771 185.775386 241 7.975957 32.460733 15.246792 50.479791
237 1.6151 0.0207961959 186.541753 242 8.056872 32.518906 15.219820 50.537947
238 1.61479211 0.00643158515 187.272881 243 7.999075 32.547993 15.173583 50.450712
239 1.61467203 0.00477556754 188.011337 244 8.006781 32.577080 15.169730 50.363478
240 1.61451469 0.00550609972 188.74755 245 7.960544 32.460733 15.154317 50.450712
241 1.6143016 0.00796541889 189.499527 246 8.037606 32.635253 15.208261 50.479791
242 1.61422486 0.015778316 190.281358 247 8.006781 32.547993 15.185142 50.363478
243 1.61398284 0.00502935186 191.017582 248 8.033753 32.606166 15.196702 50.421634
244 1.61389758 0.00435113376 191.7557 249 8.029900 32.606166 15.223674 50.537947
Optimization converged with status CONVERGED_GTTOL.
Total CPU time: 179.63 seconds 
Total wallclock time: 191.756 seconds 
Objective/gradient CPU time: 178.7 seconds 
Objective/gradient wallclock time: 190.609 seconds 
