3 machines found
login-1.extreme.acer.uic.edu
login-1.extreme.acer.uic.edu
login-1.extreme.acer.uic.edu
CRF loss
Parsing training data: ../data/train_petsc.txt
Parsing test data: ../data/test_petsc.txt
Data loading completed
====================  Summary of settings =================
Training data: ../data/train_petsc.txt
Test data: ../data/test_petsc.txt
loss: CRF, lambda: 1.000000e-04, Processors: 3
dim: 129, classes: 26
Train: #word=3438, #letter=25953
Test: #word=3439, #letter=26198
===========================================================
iter func.val gap time feval.num nfuncs train_lett_err train_word_err test_lett_err test_word_err
0 24.5949329 4.55704418 0.461803913 1 92.309174 100.000000 93.091357 100.000000
1 20.2607375 5.09781768 1.88207984 3 71.379031 100.000000 72.095711 100.000000
2 17.4237086 3.66111382 2.60327291 4 66.662814 99.825480 67.013447 99.883687
3 15.2976702 2.67229428 3.31756806 5 53.446615 97.673066 54.020730 97.702821
4 13.1970477 2.13494509 4.03345108 6 45.397449 96.160558 46.094864 95.347485
5 10.8561662 2.52542479 4.76534104 7 39.702539 91.855730 40.827650 92.294272
6 9.27208175 1.17395507 5.48160601 8 33.788001 87.056428 34.959350 87.641756
7 8.68055522 0.877850628 6.20511794 9 31.518514 84.293194 32.601241 85.199186
8 7.80125982 0.853216196 6.91976094 10 28.532347 80.453752 29.622780 81.942425
9 7.17733535 1.54357246 7.63299179 11 27.133665 77.254218 28.370516 78.016865
10 6.65408865 0.732757847 8.37126374 12 24.548222 72.833042 25.842870 74.411166
11 6.39179941 0.543846276 9.08874893 13 23.646592 71.931355 24.864178 73.044490
12 5.90240529 0.616735986 9.80265307 14 22.228644 69.371728 23.688976 72.055830
13 5.41772849 0.844458896 10.5240221 15 21.080415 67.219314 22.637075 70.485606
14 5.04153833 0.723752496 11.246592 16 20.386853 65.823153 22.267175 69.962198
15 4.79228883 0.389108192 11.9676111 17 19.277155 63.699825 21.153624 67.374237
16 4.56300429 0.364228186 12.684773 18 18.552768 61.140198 20.367588 65.164292
17 4.36119642 0.387010689 13.42132 19 17.778292 58.842350 19.812738 63.506833
18 4.14852983 0.710746715 14.1428299 20 17.624167 58.464223 20.190344 63.332364
19 3.89724093 0.29262814 14.872551 21 16.317959 55.090169 19.123030 61.064263
20 3.77817202 0.242128846 15.5943928 22 16.028975 54.246655 18.768543 60.715324
21 3.65674319 0.377522712 16.3230197 23 15.847879 53.519488 18.595153 60.860715
22 3.54935076 0.449958917 17.0522227 24 15.547336 53.083188 18.348553 60.104682
23 3.46183762 0.24398718 17.7851148 25 15.123492 52.006981 17.970947 59.435883
24 3.34341856 0.251489761 18.5075488 26 14.664971 50.378127 17.550958 58.127363
25 3.25702439 0.253213474 19.2283707 27 14.406812 50.232693 17.300505 57.313172
26 3.17579758 0.476815693 19.9531057 28 13.971410 48.342059 17.443070 56.528060
27 3.07344916 0.181235647 20.6748257 29 13.358764 46.829552 16.899780 55.684792
28 3.01783069 0.188529179 21.4108176 30 13.027396 46.218732 16.591531 54.608898
29 2.93606407 0.242609923 22.1450906 31 12.803915 45.869692 16.402728 54.259959
30 2.91746049 0.52478662 22.8637156 32 12.965746 45.782432 16.491350 53.794708
31 2.82717238 0.1822481 23.5833626 33 12.518784 45.055265 16.071360 52.951439
32 2.79811604 0.123363096 24.3211977 34 12.268331 44.589878 16.005857 53.067752
33 2.75959548 0.171569727 25.0472298 35 12.214388 44.182664 16.002004 52.951439
34 2.70455246 0.22872427 25.7671719 36 12.033291 43.862711 15.867144 52.398953
35 2.65906549 0.206380375 26.4930577 37 11.948522 43.862711 16.094478 53.125909
36 2.62468509 0.103042986 27.2165468 38 11.705776 42.902850 15.978885 52.922361
37 2.59355633 0.136514162 27.9368887 39 11.351289 41.826643 15.782376 52.311719
38 2.56085567 0.137535692 28.6608758 40 11.474589 41.681210 15.790082 51.933702
39 2.53288523 0.298113097 29.3814299 41 11.470736 41.273997 15.840173 51.323059
40 2.50353907 0.144204978 30.1062319 42 11.185605 40.779523 15.693754 50.799651
41 2.48967906 0.0963050836 30.8339598 43 11.127808 40.517743 15.477979 50.508869
42 2.47115347 0.0946868934 31.5582578 44 11.004508 40.226876 15.408623 50.625182
43 2.44295112 0.151010072 32.2837679 45 10.912033 40.314136 15.474126 50.596104
44 2.42005533 0.16250699 33.0090978 46 10.765615 40.546830 15.312295 50.683338
45 2.40171317 0.0794450304 33.7334418 47 10.592224 39.994183 15.231380 50.683338
46 2.38608189 0.0761223135 34.4645488 48 10.476631 39.732403 15.185142 50.625182
47 2.37300406 0.0855119169 35.2018218 49 10.461218 39.616056 15.177436 50.567025
48 2.36323977 0.193258589 35.9259727 50 10.495896 38.947062 15.154317 50.421634
49 2.34425332 0.077561175 36.6510477 51 10.310947 38.801629 15.088814 50.392556
50 2.33657744 0.0628479339 37.3752127 52 10.210766 38.772542 15.069549 50.218087
51 2.32661833 0.0824947529 38.1116357 53 10.114438 38.743455 15.042577 50.247165
52 2.31381945 0.164201878 38.8457997 54 10.187647 38.888889 15.011752 50.450712
53 2.30153307 0.0725086858 39.5668929 55 10.002697 38.510762 14.915424 50.218087
54 2.29403671 0.0556100469 40.3056889 56 9.968019 38.219895 14.900012 49.985461
55 2.28722829 0.0634085554 41.0283608 57 9.902516 37.929029 14.907718 50.130852
56 2.278963 0.122489322 41.7850688 58 9.871691 37.929029 14.880746 50.043617
57 2.26997461 0.05505422 42.5069737 59 9.802335 37.289122 14.857627 50.072696
58 2.26416032 0.050089187 43.2507727 60 9.790776 37.347295 14.838362 49.927304
59 2.2542555 0.068408729 44.0194747 61 9.817747 37.521815 14.792124 49.752835
60 2.24914969 0.0813593424 45.4773476 63 9.679035 37.201862 14.780565 49.578366
61 2.24295269 0.0544528643 46.2171197 64 9.671329 37.056428 14.703502 49.491131
62 2.23593886 0.0466362884 46.9393046 65 9.594267 36.794648 14.618734 49.113114
63 2.23252142 0.078566173 47.6610625 66 9.609679 37.056428 14.657265 49.200349
64 2.22879762 0.0429850799 48.3941255 67 9.524910 36.852821 14.618734 48.967723
65 2.22390859 0.0512985251 49.1191914 68 9.532617 36.794648 14.518553 48.647863
66 2.21838227 0.0635773116 49.8560224 69 9.555735 36.998255 14.526259 48.706019
67 2.21408409 0.0945676314 51.3172643 71 9.509498 36.852821 14.510847 48.589706
68 2.20805788 0.0463920937 52.0564082 72 9.555735 36.998255 14.495434 48.764176
69 2.20501641 0.0304342803 52.8069751 73 9.440142 36.823735 14.533965 48.793254
70 2.20170642 0.040036212 53.5259812 74 9.478673 36.940081 14.510847 48.880489
71 2.19839606 0.0537906243 54.2497442 75 9.324548 36.503781 14.503140 48.706019
72 2.19453534 0.0519399855 54.9848092 76 9.282164 36.329261 14.483875 48.647863
73 2.1910458 0.0536508639 55.7137451 77 9.220514 36.329261 14.518553 48.676941
74 2.18862141 0.0372577809 56.4422672 78 9.185836 36.212914 14.537818 48.647863
75 2.18580585 0.0304284809 57.1633003 79 9.178130 36.242001 14.553231 48.647863
76 2.18282306 0.0438655512 57.8819082 80 9.039417 35.834788 14.522406 48.676941
77 2.17958212 0.0400592493 58.6062942 81 8.977768 35.573008 14.587909 48.822332
78 2.17743722 0.0313746029 59.3272171 82 8.931530 35.485748 14.541671 48.764176
79 2.17506916 0.0312830553 60.0600371 83 8.981621 35.514834 14.506993 48.676941
80 2.17329259 0.0318812856 60.7939451 84 8.950796 35.456661 14.587909 48.880489
81 2.17110599 0.0309951518 61.6316092 85 8.989327 35.514834 14.564790 48.793254
82 2.16894708 0.0338008409 62.3519032 86 8.943089 35.427574 14.526259 48.822332
83 2.16712828 0.0278437932 63.0780771 87 8.908411 35.427574 14.549378 48.822332
84 2.16537919 0.0248902804 63.8099751 88 8.854468 35.136707 14.591762 48.967723
85 2.16369812 0.0328536135 64.5480211 89 8.869880 35.165794 14.514700 48.938645
86 2.16216224 0.0274708789 65.2701471 90 8.839055 34.991274 14.449197 48.706019
87 2.16089335 0.0211726267 66.0136032 91 8.800524 34.758581 14.441490 48.589706
88 2.15969501 0.0279820188 66.7502952 92 8.823643 34.787667 14.526259 48.793254
89 2.15859767 0.0270662939 67.4914093 93 8.815937 34.845841 14.460756 48.531550
90 2.15757935 0.0187856364 68.2832391 94 8.769699 34.700407 14.503140 48.735097
91 2.15631161 0.0202251763 69.005604 95 8.754287 34.671321 14.487728 48.822332
92 2.15563335 0.0433887065 69.7735171 96 8.754287 34.467714 14.514700 48.822332
93 2.15467054 0.0201484764 70.5186832 97 8.727315 34.467714 14.503140 48.735097
94 2.15372562 0.0170701837 71.2498262 98 8.758140 34.584061 14.437637 48.880489
95 2.15289914 0.0206143892 71.9732811 99 8.700343 34.438627 14.399106 48.851410
96 2.15149607 0.0355929237 72.706223 100 8.765846 34.642234 14.333603 48.473393
97 2.15027175 0.0266543656 73.445246 101 8.742727 34.729494 14.387547 48.647863
98 2.14941689 0.0143910781 74.1729591 102 8.708049 34.525887 14.368281 48.531550
99 2.14824365 0.0175406625 74.9104252 103 8.700343 34.467714 14.375987 48.444315
100 2.14756245 0.0286990318 75.6549761 104 8.719609 34.729494 14.399106 48.706019
101 2.14668183 0.0186910962 76.3914421 105 8.700343 34.613147 14.360575 48.502472
102 2.14591982 0.0212627557 77.1120563 106 8.692637 34.671321 14.395253 48.502472
103 2.14534086 0.0153868604 77.8541822 107 8.719609 34.700407 14.322044 48.444315
104 2.14490021 0.0146478385 78.5927033 108 8.692637 34.642234 14.345162 48.415237
105 2.14386857 0.0240719762 79.3290782 109 8.669518 34.554974 14.349016 48.444315
106 2.14336908 0.0172241828 80.7765961 111 8.681077 34.642234 14.364428 48.560628
107 2.1429901 0.0124598129 81.5149152 112 8.669518 34.613147 14.372134 48.531550
108 2.14227935 0.0168723207 82.2438211 113 8.684930 34.729494 14.333603 48.386159
109 2.1421587 0.0407525582 82.9760082 114 8.661812 34.700407 14.318191 48.386159
110 2.14165026 0.0152295371 83.701118 115 8.661812 34.613147 14.310484 48.328002
111 2.14131016 0.01010936 84.4331791 116 8.708049 34.729494 14.310484 48.415237
112 2.14089184 0.0154593371 85.1577733 117 8.696490 34.758581 14.295072 48.386159
113 2.14024235 0.0182507108 85.8815212 118 8.715755 34.758581 14.264247 48.240768
114 2.13985682 0.0294414464 87.3329623 120 8.673371 34.525887 14.291219 48.211689
115 2.13915285 0.0152159899 88.0631943 121 8.704196 34.671321 14.329750 48.182611
116 2.13870335 0.00941809295 88.7849443 122 8.742727 34.845841 14.298925 48.095377
117 2.13822954 0.0126342337 89.5232134 123 8.731168 34.758581 14.337456 48.211689
118 2.13792871 0.0313998516 90.2671523 124 8.754287 34.816754 14.322044 48.211689
119 2.13754234 0.0160629427 91.0034053 125 8.754287 34.671321 14.318191 48.240768
120 2.13702932 0.0117332988 91.7346623 126 8.731168 34.554974 14.349016 48.328002
121 2.13676099 0.0125065784 92.4544604 127 8.711902 34.584061 14.364428 48.328002
122 2.13648463 0.0336431975 93.1946464 128 8.777405 34.787667 14.433784 48.531550
123 2.13597347 0.0103139777 93.9321713 129 8.761993 34.584061 14.391400 48.386159
124 2.1358038 0.00817276559 94.6695743 130 8.785112 34.700407 14.387547 48.386159
125 2.13555581 0.0102007291 95.4165633 131 8.800524 34.700407 14.356722 48.328002
126 2.1352806 0.0245208657 96.1481562 132 8.773552 34.671321 14.314337 48.124455
127 2.1348823 0.0109653417 96.8907762 133 8.804377 34.729494 14.379840 48.240768
128 2.13462792 0.00753833924 97.6236341 134 8.761993 34.642234 14.375987 48.328002
129 2.13440999 0.00843550879 98.3500152 135 8.746580 34.700407 14.395253 48.415237
130 2.1340168 0.0162819517 99.07744 136 8.758140 34.787667 14.375987 48.473393
131 2.133629 0.0122542255 99.8354192 137 8.746580 34.845841 14.356722 48.298924
132 2.13334157 0.0104366419 100.563529 138 8.777405 34.787667 14.364428 48.298924
133 2.13306163 0.00991407341 101.306321 139 8.758140 34.700407 14.375987 48.357081
134 2.13287017 0.0126851124 102.028018 140 8.719609 34.584061 14.360575 48.357081
135 2.1326421 0.00871383555 102.753275 141 8.704196 34.467714 14.356722 48.328002
136 2.13226485 0.00965425859 103.478185 142 8.657959 34.467714 14.337456 48.328002
137 2.13213501 0.017862867 104.203549 143 8.642546 34.525887 14.298925 48.240768
138 2.13196789 0.00829123245 104.923819 144 8.669518 34.642234 14.322044 48.328002
139 2.13180674 0.00619649106 105.667349 145 8.669518 34.700407 14.333603 48.386159
140 2.1316888 0.00734231761 106.412331 146 8.692637 34.787667 14.314337 48.386159
141 2.13144596 0.0153920489 107.139422 147 8.708049 34.816754 14.268100 48.269846
142 2.13129924 0.0145476473 107.877584 148 8.696490 34.816754 14.279659 48.357081
143 2.1311314 0.00640531742 108.600505 149 8.692637 34.700407 14.275806 48.357081
144 2.13101197 0.00609859058 109.334012 150 8.684930 34.584061 14.264247 48.298924
145 2.13086091 0.00816044666 110.05371 151 8.692637 34.554974 14.268100 48.328002
146 2.13076231 0.0252442827 110.788897 152 8.673371 34.467714 14.291219 48.444315
147 2.13052489 0.00722861478 111.522507 153 8.692637 34.642234 14.283513 48.357081
148 2.13044671 0.005125737 112.247363 154 8.700343 34.642234 14.244981 48.240768
149 2.13036986 0.00553662776 112.974775 155 8.696490 34.584061 14.264247 48.298924
150 2.13024865 0.00610222512 113.701044 156 8.684930 34.584061 14.244981 48.298924
151 2.13016956 0.00946792542 115.150481 158 8.719609 34.642234 14.260394 48.328002
152 2.1300505 0.00541279309 115.879269 159 8.727315 34.671321 14.298925 48.386159
153 2.12994619 0.00504804134 116.603741 160 8.704196 34.642234 14.275806 48.298924
154 2.12983344 0.0106262432 117.337553 161 8.715755 34.671321 14.256541 48.240768
155 2.12972934 0.00569165946 118.066396 162 8.692637 34.613147 14.237275 48.124455
156 2.12966146 0.00472824116 118.787995 163 8.700343 34.584061 14.268100 48.153533
157 2.12956431 0.00642187865 119.519717 164 8.696490 34.584061 14.291219 48.240768
158 2.12949567 0.00947293856 120.242758 165 8.681077 34.584061 14.291219 48.066298
159 2.12943379 0.00459614483 120.963773 166 8.677224 34.554974 14.264247 48.008142
160 2.12936686 0.00428865691 121.686683 167 8.700343 34.613147 14.279659 48.153533
Optimization converged with status CONVERGED_GTTOL.
Total CPU time: 118.59 seconds 
Total wallclock time: 121.687 seconds 
Objective/gradient CPU time: 118.13 seconds 
Objective/gradient wallclock time: 120.996 seconds 
