3 machines found
login-1.extreme.acer.uic.edu
login-1.extreme.acer.uic.edu
login-1.extreme.acer.uic.edu
CRF loss
Parsing training data: ../data/train_petsc.txt
Parsing test data: ../data/test_petsc.txt
Data loading completed
====================  Summary of settings =================
Training data: ../data/train_petsc.txt
Test data: ../data/test_petsc.txt
loss: CRF, lambda: 1.000000e-03, Processors: 3
dim: 129, classes: 26
Train: #word=3438, #letter=25953
Test: #word=3439, #letter=26198
===========================================================
iter	func.val	gap time	feval.num	nfuncs	train_lett_err	train_word_err	test_lett_err	test_word_err
0	24.5949329	4.55704418	0.521893978	1	92.309174	100.000000	93.091357	100.000000
1	20.2619527	5.09500228	2.1071229	3	71.379031	100.000000	72.095711	100.000000
2	17.4280532	3.65686478	2.90276504	4	66.662814	99.825480	67.009594	99.883687
3	15.3063722	2.66873138	3.70153904	5	53.442762	97.643979	54.005317	97.702821
4	13.2139426	2.13033316	4.48281908	6	45.382037	96.160558	46.075598	95.347485
5	10.8951126	2.51806306	5.28561425	7	39.675567	91.826643	40.808384	92.294272
6	9.33821858	1.17139586	6.07544017	8	33.791855	87.056428	34.978615	87.699913
7	8.76213396	0.87446294	6.86494994	9	31.568605	84.293194	32.632066	85.228264
8	7.90650424	0.849892316	7.6622529	10	28.570878	80.424666	29.638192	81.942425
9	7.31265051	1.54717585	8.45745993	11	27.129812	77.370564	28.385928	78.016865
10	6.80867555	0.727934637	9.26300693	12	24.594459	73.007563	25.892960	74.498401
11	6.55849771	0.543436661	10.037261	13	23.746773	72.280396	24.925827	73.131724
12	6.09901315	0.617724467	10.8437362	14	22.271028	69.517161	23.692829	71.997674
13	5.65448815	0.844220161	11.653161	15	21.122799	67.510180	22.644781	70.543763
14	5.31973301	0.718310721	12.3957682	16	20.321350	65.997673	22.143875	69.845885
15	5.09415848	0.385451088	13.1688602	17	19.261742	63.496219	21.068855	67.432393
16	4.88937395	0.354637434	13.954972	18	18.514237	61.198371	20.375294	65.047979
17	4.72372085	0.379907486	14.7524712	19	17.882326	59.045957	19.793473	63.681303
18	4.55585531	0.764807791	15.5459673	20	17.412245	58.318790	20.055485	63.216051
19	4.35403543	0.297149362	16.3412473	21	16.395022	55.206515	19.011290	60.831637
20	4.26132162	0.24339003	17.1094322	22	16.063654	54.333915	18.691481	60.453620
21	4.15526594	0.30494721	17.8544183	23	15.747698	53.723095	18.333141	60.075603
22	4.07968936	0.539437258	18.6069412	24	15.558895	53.257708	18.040304	59.406804
23	3.98527167	0.222493701	19.363378	25	14.942396	51.890634	17.508573	58.214597
24	3.92600633	0.195137412	20.175252	26	14.672678	50.988947	17.547104	58.243675
25	3.86208588	0.236679581	20.9933708	27	14.364428	50.116347	17.084730	57.080547
26	3.80221741	0.486134475	21.7958648	28	14.214156	49.214660	17.127114	56.673452
27	3.73147037	0.186337461	22.5919907	29	13.439679	47.585806	16.703271	55.452166
28	3.70122014	0.152199183	23.3933039	30	13.297114	47.149506	16.441259	54.667054
29	3.64986503	0.165852631	24.1998339	31	12.992718	46.305992	16.159982	54.289038
30	3.60398505	0.246285992	24.979048	32	12.769237	45.869692	16.052094	53.620238
31	3.57308754	0.181179788	25.720839	33	12.553462	45.055265	15.840173	52.951439
32	3.55302044	0.112474744	26.5271361	34	12.441722	44.618965	15.786229	52.718814
33	3.52222176	0.123663098	27.3290789	35	12.183563	44.182664	15.628251	52.108171
34	3.50067992	0.19769809	28.1382859	36	11.979347	43.339151	15.593573	52.050015
35	3.48473398	0.125333101	28.9178958	37	11.748160	42.990111	15.350826	52.166327
36	3.47510501	0.0847862122	29.7336857	38	11.759719	42.961024	15.346973	51.991858
37	3.45985587	0.0731359325	30.5366657	39	11.640273	42.466550	15.215967	51.235824
38	3.44949637	0.164524216	31.3457565	40	11.732748	42.466550	15.192849	50.915964
39	3.43806011	0.0799380873	32.0806296	41	11.582476	41.972077	15.100374	50.625182
40	3.42983859	0.0681883231	32.8207107	42	11.563210	42.175684	15.123492	50.799651
41	3.42131139	0.0917271401	33.6021318	43	11.416792	41.797557	15.007899	50.683338
42	3.40973099	0.124166154	34.3852589	44	11.385967	41.681210	15.046430	50.479791
43	3.40403322	0.165671419	35.136687	45	11.262667	41.884817	14.915424	50.392556
44	3.39689947	0.0584904213	35.93085	46	11.254961	41.623037	14.865333	50.247165
45	3.39297446	0.0572650384	36.7226501	47	11.278080	41.710297	14.849921	50.247165
46	3.38837753	0.0690646092	37.5321071	48	11.258814	41.535777	14.772859	50.305321
47	3.38204952	0.0901345251	38.3354962	49	11.181752	41.448517	14.838362	50.508869
48	3.37853223	0.0902812371	39.0837333	50	11.100836	40.895870	14.807537	50.101774
49	3.37522802	0.0397617005	39.8619053	51	11.081571	41.128563	14.784418	50.189008
50	3.37275397	0.037613316	40.6663675	52	11.000655	40.983130	14.722768	50.218087
51	3.37011087	0.0423693051	41.4446166	53	11.050746	41.215823	14.780565	50.189008
52	3.3682549	0.118004281	42.2370064	54	11.062305	41.448517	14.722768	50.421634
53	3.36473635	0.0409010212	43.0456884	55	11.031480	41.244910	14.688090	50.043617
54	3.36276619	0.0345973727	43.8551574	56	11.027627	41.157650	14.745887	50.159930
55	3.36115847	0.0372149196	44.6494384	57	11.058452	41.215823	14.734327	50.101774
56	3.35873324	0.0591119606	45.4221084	58	10.962124	41.012216	14.676531	49.869148
57	3.35677877	0.0499041869	46.2320564	59	11.023774	41.099476	14.684237	50.159930
58	3.35526831	0.0257140283	47.0242324	60	10.962124	40.895870	14.703502	50.072696
59	3.35387059	0.0263718807	47.8253555	61	11.008361	41.041303	14.734327	50.072696
60	3.35283229	0.0403612082	48.6467104	62	10.977536	40.954043	14.749740	50.014539
61	3.35157581	0.0278711857	49.3972504	63	11.023774	41.012216	14.641853	49.927304
62	3.35052249	0.0214458375	50.1984584	64	10.965977	40.837696	14.637999	49.810992
63	3.3490821	0.0339108059	51.0013545	65	10.946711	40.895870	14.618734	49.665600
64	3.34841308	0.0399692428	51.7982655	66	10.908180	40.721350	14.641853	49.694679
65	3.34769613	0.0188673975	52.5901084	67	10.931299	40.721350	14.630293	49.549288
66	3.34703766	0.0162646711	53.3884683	68	10.923593	40.779523	14.614881	49.665600
67	3.34637084	0.0209736322	54.1520352	69	10.939005	40.779523	14.618734	49.694679
68	3.34606939	0.0583607524	54.9398282	70	10.912033	40.721350	14.549378	49.578366
69	3.34509743	0.0178927866	55.7522113	71	10.958271	40.808610	14.557084	49.578366
70	3.34476514	0.0138315301	56.5035903	72	10.923593	40.692263	14.564790	49.520209
71	3.3442841	0.0171685716	57.2648883	73	10.908180	40.605003	14.553231	49.520209
72	3.34392639	0.0393116246	58.0542965	74	10.908180	40.605003	14.580203	49.491131
73	3.34343505	0.0161754529	58.8604534	75	10.927446	40.750436	14.541671	49.432975
74	3.34311367	0.0121591033	59.6561484	76	10.885061	40.634090	14.537818	49.403896
75	3.34281752	0.0142299306	60.4476793	77	10.861943	40.663176	14.537818	49.403896
76	3.342415	0.0269200663	61.1901922	78	10.811852	40.692263	14.553231	49.607444
77	3.34206124	0.018357238	61.9526172	79	10.838824	40.692263	14.580203	49.607444
78	3.34184158	0.0107420065	62.7420461	80	10.854237	40.808610	14.568643	49.607444
79	3.34149324	0.0127528736	63.5227802	81	10.888915	40.692263	14.499287	49.520209
80	3.34121982	0.0161487499	64.316179	82	10.881208	40.634090	14.499287	49.462053
81	3.34097007	0.0140953565	65.0496349	83	10.854237	40.575916	14.480022	49.432975
82	3.34080813	0.00874954366	65.7888439	84	10.850383	40.634090	14.483875	49.520209
83	3.3406622	0.00844802748	66.5384898	85	10.827265	40.605003	14.480022	49.491131
84	3.34049096	0.0139415888	67.2776108	86	10.827265	40.605003	14.468462	49.462053
85	3.34032941	0.0149533727	68.0275779	87	10.842677	40.692263	14.480022	49.462053
86	3.3401976	0.00925415898	68.7498829	88	10.885061	40.779523	14.445344	49.462053
87	3.34010782	0.0078138387	69.4887378	89	10.877355	40.721350	14.476168	49.462053
88	3.33996266	0.00697199334	70.2268379	90	10.838824	40.605003	14.480022	49.578366
89	3.33994611	0.0218751154	70.9987159	91	10.827265	40.546830	14.518553	49.520209
90	3.3398025	0.006795224	71.7375088	92	10.838824	40.575916	14.483875	49.520209
91	3.33975177	0.00509272316	72.4791276	93	10.831118	40.517743	14.483875	49.520209
92	3.33967433	0.00676734617	73.2301075	94	10.811852	40.488656	14.491581	49.491131
93	3.33957776	0.00827705517	73.9687567	95	10.823412	40.488656	14.476168	49.520209
94	3.33952077	0.00923032206	75.4927847	97	10.854237	40.575916	14.503140	49.520209
95	3.33946396	0.00445979302	76.2979987	98	10.858090	40.517743	14.499287	49.520209
Optimization converged with status CONVERGED_GTTOL.
Total CPU time: 71.02 seconds 
Total wallclock time: 76.298 seconds 
Objective/gradient CPU time: 70.68 seconds 
Objective/gradient wallclock time: 75.8601 seconds 
